date,state,district,pincode,demo_age_5_17,demo_age_17_
01-03-2025,Uttar Pradesh,Lucknow,226012,69,647
01-03-2025,Uttar Pradesh,Lucknow,226007,20,189
01-03-2025,Uttar Pradesh,Lucknow,226010,151,1156
01-05-2025,Uttar Pradesh,Lucknow,226003,371,3899
01-07-2025,Uttar Pradesh,Lucknow,226003,356,4488
01-07-2025,Uttar Pradesh,Lucknow,226016,146,1669
01-03-2025,Uttar Pradesh,Lucknow,226022,93,757
01-03-2025,Uttar Pradesh,Lucknow,226011,52,427
01-03-2025,Uttar Pradesh,Lucknow,226020,123,1355
01-03-2025,Uttar Pradesh,Lucknow,226025,28,320
01-09-2025,Uttar Pradesh,Lucknow,226012,0,31
01-09-2025,Uttar Pradesh,Lucknow,226013,0,3
01-09-2025,Uttar Pradesh,Lucknow,226022,2,33
01-09-2025,Uttar Pradesh,Lucknow,226024,1,15
01-09-2025,Uttar Pradesh,Lucknow,226026,2,12
01-09-2025,Uttar Pradesh,Lucknow,226029,3,9
01-09-2025,Uttar Pradesh,Lucknow,226030,1,5
01-09-2025,Uttar Pradesh,Lucknow,227116,4,21
01-09-2025,Uttar Pradesh,Lucknow,227205,5,51
02-09-2025,Uttar Pradesh,Lucknow,226013,1,8
02-09-2025,Uttar Pradesh,Lucknow,226015,0,7
02-09-2025,Uttar Pradesh,Lucknow,226016,7,59
02-09-2025,Uttar Pradesh,Lucknow,226026,3,26
02-09-2025,Uttar Pradesh,Lucknow,226029,2,9
02-09-2025,Uttar Pradesh,Lucknow,226301,4,20
02-09-2025,Uttar Pradesh,Lucknow,226401,2,9
02-09-2025,Uttar Pradesh,Lucknow,227125,6,46
02-09-2025,Uttar Pradesh,Lucknow,227305,7,68
03-09-2025,Uttar Pradesh,Lucknow,226002,3,68
03-09-2025,Uttar Pradesh,Lucknow,226006,0,11
03-09-2025,Uttar Pradesh,Lucknow,226007,0,5
03-09-2025,Uttar Pradesh,Lucknow,226008,4,38
03-09-2025,Uttar Pradesh,Lucknow,226012,1,15
03-09-2025,Uttar Pradesh,Lucknow,226019,1,2
03-09-2025,Uttar Pradesh,Lucknow,226023,0,21
03-09-2025,Uttar Pradesh,Lucknow,226024,0,17
03-09-2025,Uttar Pradesh,Lucknow,226026,0,19
03-09-2025,Uttar Pradesh,Lucknow,226101,5,22
03-09-2025,Uttar Pradesh,Lucknow,226102,0,4
03-09-2025,Uttar Pradesh,Lucknow,227105,1,23
03-09-2025,Uttar Pradesh,Lucknow,227111,9,44
03-09-2025,Uttar Pradesh,Lucknow,227125,6,49
03-09-2025,Uttar Pradesh,Lucknow,227202,2,34
03-09-2025,Uttar Pradesh,Lucknow,227205,1,40
05-09-2025,Uttar Pradesh,Lucknow,226001,3,9
05-09-2025,Uttar Pradesh,Lucknow,226005,1,10
05-09-2025,Uttar Pradesh,Lucknow,226007,0,3
05-09-2025,Uttar Pradesh,Lucknow,226011,1,4
05-09-2025,Uttar Pradesh,Lucknow,226012,0,10
05-09-2025,Uttar Pradesh,Lucknow,226016,1,25
05-09-2025,Uttar Pradesh,Lucknow,226017,0,23
05-09-2025,Uttar Pradesh,Lucknow,227115,5,32
05-09-2025,Uttar Pradesh,Lucknow,227125,1,20
05-09-2025,Uttar Pradesh,Lucknow,227309,3,19
04-09-2025,Uttar Pradesh,Lucknow,226001,3,48
04-09-2025,Uttar Pradesh,Lucknow,226010,4,42
04-09-2025,Uttar Pradesh,Lucknow,226016,14,64
04-09-2025,Uttar Pradesh,Lucknow,226024,3,23
04-09-2025,Uttar Pradesh,Lucknow,226028,2,32
04-09-2025,Uttar Pradesh,Lucknow,226301,2,14
04-09-2025,Uttar Pradesh,Lucknow,227107,2,81
04-09-2025,Uttar Pradesh,Lucknow,227111,4,31
04-09-2025,Uttar Pradesh,Lucknow,227125,4,43
07-09-2025,Uttar Pradesh,Lucknow,226001,2,15
07-09-2025,Uttar Pradesh,Lucknow,226007,0,1
07-09-2025,Uttar Pradesh,Lucknow,226016,4,13
07-09-2025,Uttar Pradesh,Lucknow,226021,1,22
07-09-2025,Uttar Pradesh,Lucknow,226029,0,6
07-09-2025,Uttar Pradesh,Lucknow,227202,2,6
07-09-2025,Uttar Pradesh,Lucknow,227205,2,17
06-09-2025,Uttar Pradesh,Lucknow,226004,2,25
06-09-2025,Uttar Pradesh,Lucknow,226005,5,33
06-09-2025,Uttar Pradesh,Lucknow,226007,0,9
06-09-2025,Uttar Pradesh,Lucknow,226011,2,17
06-09-2025,Uttar Pradesh,Lucknow,226024,2,16
06-09-2025,Uttar Pradesh,Lucknow,226201,0,3
06-09-2025,Uttar Pradesh,Lucknow,226203,0,4
06-09-2025,Uttar Pradesh,Lucknow,227309,7,19
08-09-2025,Uttar Pradesh,Lucknow,226011,2,16
08-09-2025,Uttar Pradesh,Lucknow,226014,0,4
08-09-2025,Uttar Pradesh,Lucknow,226019,0,2
08-09-2025,Uttar Pradesh,Lucknow,226022,2,35
08-09-2025,Uttar Pradesh,Lucknow,226023,2,17
08-09-2025,Uttar Pradesh,Lucknow,226026,1,12
08-09-2025,Uttar Pradesh,Lucknow,226028,7,39
08-09-2025,Uttar Pradesh,Lucknow,226031,1,0
08-09-2025,Uttar Pradesh,Lucknow,226102,0,5
08-09-2025,Uttar Pradesh,Lucknow,226501,1,3
09-09-2025,Uttar Pradesh,Lucknow,226011,1,22
09-09-2025,Uttar Pradesh,Lucknow,226012,6,32
09-09-2025,Uttar Pradesh,Lucknow,226018,5,25
09-09-2025,Uttar Pradesh,Lucknow,226026,0,24
09-09-2025,Uttar Pradesh,Lucknow,226028,5,25
09-09-2025,Uttar Pradesh,Lucknow,226031,0,5
09-09-2025,Uttar Pradesh,Lucknow,226301,0,15
09-09-2025,Uttar Pradesh,Lucknow,226302,0,6
09-09-2025,Uttar Pradesh,Lucknow,227111,6,43
09-09-2025,Uttar Pradesh,Lucknow,227115,8,67
09-09-2025,Uttar Pradesh,Lucknow,227116,2,24
10-09-2025,Uttar Pradesh,Lucknow,226004,4,37
10-09-2025,Uttar Pradesh,Lucknow,226005,5,46
10-09-2025,Uttar Pradesh,Lucknow,226019,0,2
10-09-2025,Uttar Pradesh,Lucknow,226025,1,10
10-09-2025,Uttar Pradesh,Lucknow,226026,1,10
10-09-2025,Uttar Pradesh,Lucknow,226101,7,18
10-09-2025,Uttar Pradesh,Lucknow,226501,0,11
10-09-2025,Uttar Pradesh,Lucknow,227107,2,103
11-09-2025,Uttar Pradesh,Lucknow,226005,3,42
11-09-2025,Uttar Pradesh,Lucknow,226008,4,36
11-09-2025,Uttar Pradesh,Lucknow,226011,1,19
11-09-2025,Uttar Pradesh,Lucknow,226013,0,2
11-09-2025,Uttar Pradesh,Lucknow,226028,5,33
11-09-2025,Uttar Pradesh,Lucknow,226029,1,10
11-09-2025,Uttar Pradesh,Lucknow,226101,1,13
11-09-2025,Uttar Pradesh,Lucknow,226301,3,15
11-09-2025,Uttar Pradesh,Lucknow,227101,2,22
11-09-2025,Uttar Pradesh,Lucknow,227111,7,32
11-09-2025,Uttar Pradesh,Lucknow,227308,10,42
11-09-2025,Uttar Pradesh,Lucknow,227309,6,25
12-09-2025,Uttar Pradesh,Lucknow,226004,0,48
12-09-2025,Uttar Pradesh,Lucknow,226013,1,5
12-09-2025,Uttar Pradesh,Lucknow,226020,2,54
12-09-2025,Uttar Pradesh,Lucknow,226021,4,64
12-09-2025,Uttar Pradesh,Lucknow,226029,4,7
12-09-2025,Uttar Pradesh,Lucknow,226102,2,2
12-09-2025,Uttar Pradesh,Lucknow,226302,1,1
12-09-2025,Uttar Pradesh,Lucknow,226501,2,4
12-09-2025,Uttar Pradesh,Lucknow,227308,9,40
13-09-2025,Uttar Pradesh,Lucknow,226003,8,64
13-09-2025,Uttar Pradesh,Lucknow,226006,0,8
13-09-2025,Uttar Pradesh,Lucknow,226008,0,12
13-09-2025,Uttar Pradesh,Lucknow,226017,1,46
13-09-2025,Uttar Pradesh,Lucknow,226018,6,19
13-09-2025,Uttar Pradesh,Lucknow,226021,5,37
13-09-2025,Uttar Pradesh,Lucknow,226023,0,13
13-09-2025,Uttar Pradesh,Lucknow,226024,1,5
13-09-2025,Uttar Pradesh,Lucknow,226101,2,18
13-09-2025,Uttar Pradesh,Lucknow,226301,3,6
13-09-2025,Uttar Pradesh,Lucknow,227125,0,16
14-09-2025,Uttar Pradesh,Lucknow,226008,3,8
14-09-2025,Uttar Pradesh,Lucknow,226020,3,14
14-09-2025,Uttar Pradesh,Lucknow,226028,2,13
14-09-2025,Uttar Pradesh,Lucknow,226101,2,13
14-09-2025,Uttar Pradesh,Lucknow,227101,2,13
14-09-2025,Uttar Pradesh,Lucknow,227125,1,22
16-09-2025,Uttar Pradesh,Lucknow,226001,3,29
16-09-2025,Uttar Pradesh,Lucknow,226006,0,8
16-09-2025,Uttar Pradesh,Lucknow,226007,2,8
16-09-2025,Uttar Pradesh,Lucknow,226008,7,35
16-09-2025,Uttar Pradesh,Lucknow,226012,1,16
16-09-2025,Uttar Pradesh,Lucknow,226016,10,44
16-09-2025,Uttar Pradesh,Lucknow,226017,2,55
16-09-2025,Uttar Pradesh,Lucknow,226020,2,50
16-09-2025,Uttar Pradesh,Lucknow,226025,1,6
16-09-2025,Uttar Pradesh,Lucknow,226028,5,27
16-09-2025,Uttar Pradesh,Lucknow,226030,2,0
16-09-2025,Uttar Pradesh,Lucknow,226201,0,6
16-09-2025,Uttar Pradesh,Lucknow,227116,1,25
16-09-2025,Uttar Pradesh,Lucknow,227308,2,42
16-09-2025,Uttar Pradesh,Lucknow,227309,4,39
15-09-2025,Uttar Pradesh,Lucknow,226002,17,68
15-09-2025,Uttar Pradesh,Lucknow,226013,0,2
15-09-2025,Uttar Pradesh,Lucknow,226015,0,7
15-09-2025,Uttar Pradesh,Lucknow,226029,2,15
15-09-2025,Uttar Pradesh,Lucknow,226031,0,2
15-09-2025,Uttar Pradesh,Lucknow,227116,8,37
15-09-2025,Uttar Pradesh,Lucknow,227202,5,31
15-09-2025,Uttar Pradesh,Lucknow,227205,2,27
17-09-2025,Uttar Pradesh,Lucknow,226004,1,20
17-09-2025,Uttar Pradesh,Lucknow,226010,11,51
17-09-2025,Uttar Pradesh,Lucknow,226012,1,24
17-09-2025,Uttar Pradesh,Lucknow,226020,2,48
17-09-2025,Uttar Pradesh,Lucknow,226026,1,11
17-09-2025,Uttar Pradesh,Lucknow,226028,4,24
17-09-2025,Uttar Pradesh,Lucknow,226302,0,3
17-09-2025,Uttar Pradesh,Lucknow,226303,0,1
17-09-2025,Uttar Pradesh,Lucknow,227115,9,60
17-09-2025,Uttar Pradesh,Lucknow,227125,4,30
17-09-2025,Uttar Pradesh,Lucknow,227308,6,18
19-09-2025,Uttar Pradesh,Lucknow,226020,2,72
19-09-2025,Uttar Pradesh,Lucknow,226021,2,54
19-09-2025,Uttar Pradesh,Lucknow,226028,3,27
19-09-2025,Uttar Pradesh,Lucknow,226102,1,5
19-09-2025,Uttar Pradesh,Lucknow,227105,1,20
18-09-2025,Uttar Pradesh,Lucknow,226002,4,61
18-09-2025,Uttar Pradesh,Lucknow,226003,8,86
18-09-2025,Uttar Pradesh,Lucknow,226006,0,12
18-09-2025,Uttar Pradesh,Lucknow,226007,3,7
18-09-2025,Uttar Pradesh,Lucknow,226016,3,28
18-09-2025,Uttar Pradesh,Lucknow,226101,4,11
18-09-2025,Uttar Pradesh,Lucknow,227101,5,26
20-09-2025,Uttar Pradesh,Lucknow,226009,0,2
20-09-2025,Uttar Pradesh,Lucknow,226010,0,38
20-09-2025,Uttar Pradesh,Lucknow,226011,1,14
20-09-2025,Uttar Pradesh,Lucknow,226018,0,24
20-09-2025,Uttar Pradesh,Lucknow,226021,2,44
20-09-2025,Uttar Pradesh,Lucknow,226030,0,1
20-09-2025,Uttar Pradesh,Lucknow,226102,0,6
20-09-2025,Uttar Pradesh,Lucknow,226302,2,2
20-09-2025,Uttar Pradesh,Lucknow,226401,5,4
20-09-2025,Uttar Pradesh,Lucknow,227107,2,52
20-09-2025,Uttar Pradesh,Lucknow,227111,4,23
20-09-2025,Uttar Pradesh,Lucknow,227116,3,19
20-09-2025,Uttar Pradesh,Lucknow,227125,6,34
20-09-2025,Uttar Pradesh,Lucknow,227309,3,18
13-10-2025,Uttar Pradesh,Lucknow,226003,2,64
13-10-2025,Uttar Pradesh,Lucknow,226005,0,8
13-10-2025,Uttar Pradesh,Lucknow,226006,0,4
13-10-2025,Uttar Pradesh,Lucknow,226015,0,1
13-10-2025,Uttar Pradesh,Lucknow,226016,1,16
13-10-2025,Uttar Pradesh,Lucknow,226022,0,8
13-10-2025,Uttar Pradesh,Lucknow,226023,0,4
13-10-2025,Uttar Pradesh,Lucknow,226025,0,2
13-10-2025,Uttar Pradesh,Lucknow,226028,1,11
13-10-2025,Uttar Pradesh,Lucknow,227105,0,9
13-10-2025,Uttar Pradesh,Lucknow,227115,4,14
13-10-2025,Uttar Pradesh,Lucknow,227305,1,35
15-10-2025,Uttar Pradesh,Lucknow,226005,2,38
15-10-2025,Uttar Pradesh,Lucknow,226006,1,11
15-10-2025,Uttar Pradesh,Lucknow,226010,6,56
15-10-2025,Uttar Pradesh,Lucknow,226013,0,6
15-10-2025,Uttar Pradesh,Lucknow,226021,6,38
15-10-2025,Uttar Pradesh,Lucknow,226030,1,5
15-10-2025,Uttar Pradesh,Lucknow,226102,1,6
15-10-2025,Uttar Pradesh,Lucknow,227107,4,67
15-10-2025,Uttar Pradesh,Lucknow,227205,5,33
15-10-2025,Uttar Pradesh,Lucknow,227305,1,54
16-10-2025,Uttar Pradesh,Lucknow,226001,6,35
16-10-2025,Uttar Pradesh,Lucknow,226005,4,47
16-10-2025,Uttar Pradesh,Lucknow,226007,0,6
16-10-2025,Uttar Pradesh,Lucknow,226010,4,59
16-10-2025,Uttar Pradesh,Lucknow,226016,4,66
16-10-2025,Uttar Pradesh,Lucknow,226022,4,30
16-10-2025,Uttar Pradesh,Lucknow,226025,0,10
16-10-2025,Uttar Pradesh,Lucknow,226201,0,4
16-10-2025,Uttar Pradesh,Lucknow,226302,0,1
16-10-2025,Uttar Pradesh,Lucknow,227105,0,5
16-10-2025,Uttar Pradesh,Lucknow,227205,7,47
16-10-2025,Uttar Pradesh,Lucknow,227305,2,53
17-10-2025,Uttar Pradesh,Lucknow,226018,0,18
17-10-2025,Uttar Pradesh,Lucknow,226101,3,7
17-10-2025,Uttar Pradesh,Lucknow,227105,0,13
17-10-2025,Uttar Pradesh,Lucknow,227111,0,33
17-10-2025,Uttar Pradesh,Lucknow,227115,3,48
17-10-2025,Uttar Pradesh,Lucknow,227125,0,30
18-10-2025,Uttar Pradesh,Lucknow,226004,0,32
18-10-2025,Uttar Pradesh,Lucknow,226006,0,9
18-10-2025,Uttar Pradesh,Lucknow,226009,0,2
18-10-2025,Uttar Pradesh,Lucknow,226011,3,10
18-10-2025,Uttar Pradesh,Lucknow,226012,3,20
18-10-2025,Uttar Pradesh,Lucknow,226017,6,43
18-10-2025,Uttar Pradesh,Lucknow,226018,1,22
18-10-2025,Uttar Pradesh,Lucknow,226025,2,9
18-10-2025,Uttar Pradesh,Lucknow,226028,2,32
18-10-2025,Uttar Pradesh,Lucknow,226202,1,0
18-10-2025,Uttar Pradesh,Lucknow,227125,4,24
18-10-2025,Uttar Pradesh,Lucknow,227305,2,39
22-10-2025,Uttar Pradesh,Lucknow,226001,0,1
22-10-2025,Uttar Pradesh,Lucknow,226010,0,2
22-10-2025,Uttar Pradesh,Lucknow,226101,1,1
22-10-2025,Uttar Pradesh,Lucknow,227116,0,1
22-10-2025,Uttar Pradesh,Lucknow,227305,0,1
23-10-2025,Uttar Pradesh,Lucknow,226001,2,5
23-10-2025,Uttar Pradesh,Lucknow,226028,1,3
23-10-2025,Uttar Pradesh,Lucknow,227101,0,5
23-10-2025,Uttar Pradesh,Lucknow,227107,0,3
24-10-2025,Uttar Pradesh,Lucknow,226002,3,37
24-10-2025,Uttar Pradesh,Lucknow,226003,3,81
24-10-2025,Uttar Pradesh,Lucknow,226005,3,23
24-10-2025,Uttar Pradesh,Lucknow,226006,1,6
24-10-2025,Uttar Pradesh,Lucknow,226010,3,46
24-10-2025,Uttar Pradesh,Lucknow,226013,0,3
24-10-2025,Uttar Pradesh,Lucknow,226021,0,35
24-10-2025,Uttar Pradesh,Lucknow,226030,0,5
24-10-2025,Uttar Pradesh,Lucknow,226101,1,8
24-10-2025,Uttar Pradesh,Lucknow,226501,0,12
24-10-2025,Uttar Pradesh,Lucknow,227205,2,14
28-10-2025,Uttar Pradesh,Lucknow,226008,2,27
28-10-2025,Uttar Pradesh,Lucknow,226009,0,2
28-10-2025,Uttar Pradesh,Lucknow,226011,1,10
28-10-2025,Uttar Pradesh,Lucknow,226013,0,4
28-10-2025,Uttar Pradesh,Lucknow,226014,0,1
28-10-2025,Uttar Pradesh,Lucknow,226015,0,3
28-10-2025,Uttar Pradesh,Lucknow,226020,5,37
28-10-2025,Uttar Pradesh,Lucknow,226022,1,23
28-10-2025,Uttar Pradesh,Lucknow,226026,1,9
28-10-2025,Uttar Pradesh,Lucknow,226031,1,1
28-10-2025,Uttar Pradesh,Lucknow,226201,0,1
28-10-2025,Uttar Pradesh,Lucknow,226302,0,1
28-10-2025,Uttar Pradesh,Lucknow,227105,0,9
28-10-2025,Uttar Pradesh,Lucknow,227107,2,35
28-10-2025,Uttar Pradesh,Lucknow,227111,1,31
28-10-2025,Uttar Pradesh,Lucknow,227308,1,18
26-10-2025,Uttar Pradesh,Lucknow,226007,0,6
26-10-2025,Uttar Pradesh,Lucknow,226014,1,2
26-10-2025,Uttar Pradesh,Lucknow,226016,3,52
26-10-2025,Uttar Pradesh,Lucknow,226024,1,7
26-10-2025,Uttar Pradesh,Lucknow,226026,1,13
26-10-2025,Uttar Pradesh,Lucknow,226028,1,23
26-10-2025,Uttar Pradesh,Lucknow,226029,1,4
26-10-2025,Uttar Pradesh,Lucknow,226031,0,1
26-10-2025,Uttar Pradesh,Lucknow,227105,0,16
26-10-2025,Uttar Pradesh,Lucknow,227111,0,39
19-10-2025,Uttar Pradesh,Lucknow,226012,1,24
19-10-2025,Uttar Pradesh,Lucknow,226016,4,27
19-10-2025,Uttar Pradesh,Lucknow,226018,2,15
19-10-2025,Uttar Pradesh,Lucknow,226019,0,2
19-10-2025,Uttar Pradesh,Lucknow,226022,3,23
19-10-2025,Uttar Pradesh,Lucknow,226201,0,7
19-10-2025,Uttar Pradesh,Lucknow,226301,0,4
19-10-2025,Uttar Pradesh,Lucknow,226501,1,7
19-10-2025,Uttar Pradesh,Lucknow,227125,2,23
19-10-2025,Uttar Pradesh,Lucknow,227202,0,17
19-10-2025,Uttar Pradesh,Lucknow,227308,4,20
21-10-2025,Uttar Pradesh,Lucknow,226001,0,7
21-10-2025,Uttar Pradesh,Lucknow,226002,3,11
21-10-2025,Uttar Pradesh,Lucknow,226004,0,5
21-10-2025,Uttar Pradesh,Lucknow,226016,1,16
21-10-2025,Uttar Pradesh,Lucknow,226017,2,21
21-10-2025,Uttar Pradesh,Lucknow,226018,1,5
21-10-2025,Uttar Pradesh,Lucknow,226021,1,10
21-10-2025,Uttar Pradesh,Lucknow,226022,0,8
21-10-2025,Uttar Pradesh,Lucknow,226024,0,3
21-10-2025,Uttar Pradesh,Lucknow,226026,0,2
21-10-2025,Uttar Pradesh,Lucknow,226031,0,3
21-10-2025,Uttar Pradesh,Lucknow,227105,0,1
21-10-2025,Uttar Pradesh,Lucknow,227115,1,7
20-10-2025,Uttar Pradesh,Lucknow,226007,1,1
20-10-2025,Uttar Pradesh,Lucknow,226023,0,5
20-10-2025,Uttar Pradesh,Lucknow,226024,0,5
20-10-2025,Uttar Pradesh,Lucknow,226025,0,2
20-10-2025,Uttar Pradesh,Lucknow,226029,1,4
20-10-2025,Uttar Pradesh,Lucknow,226501,1,5
20-10-2025,Uttar Pradesh,Lucknow,227111,0,3
20-10-2025,Uttar Pradesh,Lucknow,227202,0,2
20-10-2025,Uttar Pradesh,Lucknow,227308,1,8
25-10-2025,Uttar Pradesh,Lucknow,226001,1,22
25-10-2025,Uttar Pradesh,Lucknow,226007,1,7
25-10-2025,Uttar Pradesh,Lucknow,226016,1,30
25-10-2025,Uttar Pradesh,Lucknow,226019,0,2
25-10-2025,Uttar Pradesh,Lucknow,226022,1,15
25-10-2025,Uttar Pradesh,Lucknow,226029,1,5
25-10-2025,Uttar Pradesh,Lucknow,226302,0,1
25-10-2025,Uttar Pradesh,Lucknow,227105,0,10
25-10-2025,Uttar Pradesh,Lucknow,227116,1,12
25-10-2025,Uttar Pradesh,Lucknow,227125,1,12
25-10-2025,Uttar Pradesh,Lucknow,227305,0,29
27-10-2025,Uttar Pradesh,Lucknow,226001,1,17
27-10-2025,Uttar Pradesh,Lucknow,226003,7,59
27-10-2025,Uttar Pradesh,Lucknow,226004,0,9
27-10-2025,Uttar Pradesh,Lucknow,226018,0,16
27-10-2025,Uttar Pradesh,Lucknow,226030,0,3
27-10-2025,Uttar Pradesh,Lucknow,226101,0,14
27-10-2025,Uttar Pradesh,Lucknow,226501,0,4
27-10-2025,Uttar Pradesh,Lucknow,227308,2,16
27-10-2025,Uttar Pradesh,Lucknow,227309,2,12
30-10-2025,Uttar Pradesh,Lucknow,226104,0,1
02-11-2025,Uttar Pradesh,Lucknow,226007,0,2
02-11-2025,Uttar Pradesh,Lucknow,226102,1,3
08-11-2025,Uttar Pradesh,Lucknow,227207,0,1
11-11-2025,Uttar Pradesh,Lucknow,227207,1,2
13-11-2025,Uttar Pradesh,Lucknow,226014,1,0
15-11-2025,Uttar Pradesh,Lucknow,226202,0,1
15-11-2025,Uttar Pradesh,Lucknow,226303,0,1
16-11-2025,Uttar Pradesh,Lucknow,227132,0,1
09-12-2025,Uttar Pradesh,Lucknow,226004,2,65
09-12-2025,Uttar Pradesh,Lucknow,226006,3,27
09-12-2025,Uttar Pradesh,Lucknow,226014,0,6
09-12-2025,Uttar Pradesh,Lucknow,226028,6,78
09-12-2025,Uttar Pradesh,Lucknow,226030,0,10
09-12-2025,Uttar Pradesh,Lucknow,226102,0,9
09-12-2025,Uttar Pradesh,Lucknow,227111,3,46
09-12-2025,Uttar Pradesh,Lucknow,227116,1,23
11-12-2025,Uttar Pradesh,Lucknow,226002,5,93
11-12-2025,Uttar Pradesh,Lucknow,226004,4,85
11-12-2025,Uttar Pradesh,Lucknow,226006,1,23
11-12-2025,Uttar Pradesh,Lucknow,226011,3,34
11-12-2025,Uttar Pradesh,Lucknow,226013,1,9
11-12-2025,Uttar Pradesh,Lucknow,226014,0,3
11-12-2025,Uttar Pradesh,Lucknow,226017,4,105
11-12-2025,Uttar Pradesh,Lucknow,226024,0,34
11-12-2025,Uttar Pradesh,Lucknow,226025,2,33
11-12-2025,Uttar Pradesh,Lucknow,226029,1,26
11-12-2025,Uttar Pradesh,Lucknow,226030,2,6
11-12-2025,Uttar Pradesh,Lucknow,226031,0,6
11-12-2025,Uttar Pradesh,Lucknow,226401,1,6
11-12-2025,Uttar Pradesh,Lucknow,227105,0,21
11-12-2025,Uttar Pradesh,Lucknow,227116,1,20
11-12-2025,Uttar Pradesh,Lucknow,227125,2,61
11-12-2025,Uttar Pradesh,Lucknow,227205,4,57
11-12-2025,Uttar Pradesh,Lucknow,227308,1,54
11-12-2025,Uttar Pradesh,Lucknow,227309,2,48
05-12-2025,Uttar Pradesh,Lucknow,226005,4,41
05-12-2025,Uttar Pradesh,Lucknow,226007,0,9
05-12-2025,Uttar Pradesh,Lucknow,226012,1,30
05-12-2025,Uttar Pradesh,Lucknow,226015,0,7
05-12-2025,Uttar Pradesh,Lucknow,226017,6,80
05-12-2025,Uttar Pradesh,Lucknow,226021,5,68
05-12-2025,Uttar Pradesh,Lucknow,226023,1,10
05-12-2025,Uttar Pradesh,Lucknow,226025,1,24
05-12-2025,Uttar Pradesh,Lucknow,226201,1,6
05-12-2025,Uttar Pradesh,Lucknow,227116,0,18
05-12-2025,Uttar Pradesh,Lucknow,227308,0,17
10-12-2025,Uttar Pradesh,Lucknow,226001,1,92
10-12-2025,Uttar Pradesh,Lucknow,226006,2,30
10-12-2025,Uttar Pradesh,Lucknow,226012,0,34
10-12-2025,Uttar Pradesh,Lucknow,226019,0,2
10-12-2025,Uttar Pradesh,Lucknow,226024,1,26
10-12-2025,Uttar Pradesh,Lucknow,226028,12,64
10-12-2025,Uttar Pradesh,Lucknow,226030,1,11
10-12-2025,Uttar Pradesh,Lucknow,226102,0,6
10-12-2025,Uttar Pradesh,Lucknow,226201,0,6
10-12-2025,Uttar Pradesh,Lucknow,226203,0,5
10-12-2025,Uttar Pradesh,Lucknow,226301,1,18
10-12-2025,Uttar Pradesh,Lucknow,227107,1,99
10-12-2025,Uttar Pradesh,Lucknow,227202,1,37
10-12-2025,Uttar Pradesh,Lucknow,227305,4,56
10-12-2025,Uttar Pradesh,Lucknow,227309,0,22
08-12-2025,Uttar Pradesh,Lucknow,226001,0,56
08-12-2025,Uttar Pradesh,Lucknow,226003,10,374
08-12-2025,Uttar Pradesh,Lucknow,226008,4,62
08-12-2025,Uttar Pradesh,Lucknow,226013,1,8
08-12-2025,Uttar Pradesh,Lucknow,226302,1,6
08-12-2025,Uttar Pradesh,Lucknow,227105,0,25
12-12-2025,Uttar Pradesh,Lucknow,226005,5,40
12-12-2025,Uttar Pradesh,Lucknow,226006,2,22
12-12-2025,Uttar Pradesh,Lucknow,226011,0,42
12-12-2025,Uttar Pradesh,Lucknow,226015,0,10
12-12-2025,Uttar Pradesh,Lucknow,226017,3,89
12-12-2025,Uttar Pradesh,Lucknow,226021,2,87
12-12-2025,Uttar Pradesh,Lucknow,226023,0,29
12-12-2025,Uttar Pradesh,Lucknow,226026,2,25
12-12-2025,Uttar Pradesh,Lucknow,226028,5,42
12-12-2025,Uttar Pradesh,Lucknow,226203,0,6
12-12-2025,Uttar Pradesh,Lucknow,227107,4,67
03-12-2025,Uttar Pradesh,Lucknow,226014,1,5
03-12-2025,Uttar Pradesh,Lucknow,226015,0,11
03-12-2025,Uttar Pradesh,Lucknow,226024,1,22
03-12-2025,Uttar Pradesh,Lucknow,226026,0,29
03-12-2025,Uttar Pradesh,Lucknow,226101,2,57
03-12-2025,Uttar Pradesh,Lucknow,227305,2,26
04-12-2025,Uttar Pradesh,Lucknow,226001,1,51
04-12-2025,Uttar Pradesh,Lucknow,226003,2,359
04-12-2025,Uttar Pradesh,Lucknow,226007,2,9
04-12-2025,Uttar Pradesh,Lucknow,226017,2,105
04-12-2025,Uttar Pradesh,Lucknow,226020,2,97
04-12-2025,Uttar Pradesh,Lucknow,226025,1,16
04-12-2025,Uttar Pradesh,Lucknow,226102,1,2
04-12-2025,Uttar Pradesh,Lucknow,226301,1,5
04-12-2025,Uttar Pradesh,Lucknow,226302,0,4
04-12-2025,Uttar Pradesh,Lucknow,227107,1,65
04-12-2025,Uttar Pradesh,Lucknow,227309,0,23
06-12-2025,Uttar Pradesh,Lucknow,226001,4,71
06-12-2025,Uttar Pradesh,Lucknow,226009,0,1
06-12-2025,Uttar Pradesh,Lucknow,226028,2,45
06-12-2025,Uttar Pradesh,Lucknow,226029,0,20
06-12-2025,Uttar Pradesh,Lucknow,226202,0,1
07-12-2025,Uttar Pradesh,Lucknow,226015,1,5
07-12-2025,Uttar Pradesh,Lucknow,226023,0,4
07-12-2025,Uttar Pradesh,Lucknow,226029,0,15
07-12-2025,Uttar Pradesh,Lucknow,226202,0,1
07-12-2025,Uttar Pradesh,Lucknow,227105,0,9
07-12-2025,Uttar Pradesh,Lucknow,227111,2,19
29-12-2025,Uttar Pradesh,Lucknow,226006,0,22
29-12-2025,Uttar Pradesh,Lucknow,226007,0,12
29-12-2025,Uttar Pradesh,Lucknow,226011,1,26
29-12-2025,Uttar Pradesh,Lucknow,226016,3,47
29-12-2025,Uttar Pradesh,Lucknow,226020,3,68
29-12-2025,Uttar Pradesh,Lucknow,226021,3,57
29-12-2025,Uttar Pradesh,Lucknow,226028,6,41
29-12-2025,Uttar Pradesh,Lucknow,226102,0,3
29-12-2025,Uttar Pradesh,Lucknow,226401,0,9
29-12-2025,Uttar Pradesh,Lucknow,227115,1,41
29-12-2025,Uttar Pradesh,Lucknow,227305,2,60
29-12-2025,Uttar Pradesh,Lucknow,227309,1,31
01-01-2026,Uttar Pradesh,Lucknow,226003,5,220
01-01-2026,Uttar Pradesh,Lucknow,226005,1,33
01-01-2026,Uttar Pradesh,Lucknow,226007,0,6
01-01-2026,Uttar Pradesh,Lucknow,226009,0,6
01-01-2026,Uttar Pradesh,Lucknow,226011,2,18
01-01-2026,Uttar Pradesh,Lucknow,227101,2,28
01-01-2026,Uttar Pradesh,Lucknow,227116,0,11
01-01-2026,Uttar Pradesh,Lucknow,227205,5,50
03-01-2026,Uttar Pradesh,Lucknow,226004,0,13
03-01-2026,Uttar Pradesh,Lucknow,226005,1,5
03-01-2026,Uttar Pradesh,Lucknow,226009,0,1
03-01-2026,Uttar Pradesh,Lucknow,226011,0,8
03-01-2026,Uttar Pradesh,Lucknow,226018,0,13
03-01-2026,Uttar Pradesh,Lucknow,226102,0,1
03-01-2026,Uttar Pradesh,Lucknow,226301,0,4
03-01-2026,Uttar Pradesh,Lucknow,226501,2,1
03-01-2026,Uttar Pradesh,Lucknow,227116,1,4
03-01-2026,Uttar Pradesh,Lucknow,227308,0,3
02-01-2026,Uttar Pradesh,Lucknow,227115,3,13
02-01-2026,Uttar Pradesh,Lucknow,227125,3,12
02-01-2026,Uttar Pradesh,Lucknow,227202,3,22
02-01-2026,Uttar Pradesh,Lucknow,227205,1,11
23-12-2025,Uttar Pradesh,Lucknow,226012,4,23
23-12-2025,Uttar Pradesh,Lucknow,226018,3,48
23-12-2025,Uttar Pradesh,Lucknow,226023,3,13
23-12-2025,Uttar Pradesh,Lucknow,226024,0,20
23-12-2025,Uttar Pradesh,Lucknow,226025,1,22
23-12-2025,Uttar Pradesh,Lucknow,226401,1,9
23-12-2025,Uttar Pradesh,Lucknow,227101,2,30
23-12-2025,Uttar Pradesh,Lucknow,227111,0,51
23-12-2025,Uttar Pradesh,Lucknow,227115,1,62
23-12-2025,Uttar Pradesh,Lucknow,227305,2,45
24-12-2025,Uttar Pradesh,Lucknow,226005,1,32
24-12-2025,Uttar Pradesh,Lucknow,226013,1,6
24-12-2025,Uttar Pradesh,Lucknow,226024,2,22
24-12-2025,Uttar Pradesh,Lucknow,226501,3,7
24-12-2025,Uttar Pradesh,Lucknow,227115,3,50
24-12-2025,Uttar Pradesh,Lucknow,227309,2,23
26-12-2025,Uttar Pradesh,Lucknow,226005,3,45
26-12-2025,Uttar Pradesh,Lucknow,226014,2,3
26-12-2025,Uttar Pradesh,Lucknow,226015,1,13
26-12-2025,Uttar Pradesh,Lucknow,226020,3,92
26-12-2025,Uttar Pradesh,Lucknow,226021,5,60
26-12-2025,Uttar Pradesh,Lucknow,226028,7,29
26-12-2025,Uttar Pradesh,Lucknow,226029,3,9
26-12-2025,Uttar Pradesh,Lucknow,226031,1,6
26-12-2025,Uttar Pradesh,Lucknow,227111,1,55
26-12-2025,Uttar Pradesh,Lucknow,227305,1,56
25-12-2025,Uttar Pradesh,Lucknow,226011,1,3
25-12-2025,Uttar Pradesh,Lucknow,226025,1,10
25-12-2025,Uttar Pradesh,Lucknow,226101,2,14
25-12-2025,Uttar Pradesh,Lucknow,226201,0,4
25-12-2025,Uttar Pradesh,Lucknow,226203,0,1
25-12-2025,Uttar Pradesh,Lucknow,226301,0,8
25-12-2025,Uttar Pradesh,Lucknow,227111,0,14
25-12-2025,Uttar Pradesh,Lucknow,227308,2,12
27-12-2025,Uttar Pradesh,Lucknow,226001,3,50
27-12-2025,Uttar Pradesh,Lucknow,226016,2,56
27-12-2025,Uttar Pradesh,Lucknow,226017,6,73
27-12-2025,Uttar Pradesh,Lucknow,226029,2,18
27-12-2025,Uttar Pradesh,Lucknow,226030,2,2
27-12-2025,Uttar Pradesh,Lucknow,226501,1,6
27-12-2025,Uttar Pradesh,Lucknow,227101,1,17
27-12-2025,Uttar Pradesh,Lucknow,227125,2,25
27-12-2025,Uttar Pradesh,Lucknow,227305,1,26
19-12-2025,Uttar Pradesh,Lucknow,226002,6,103
19-12-2025,Uttar Pradesh,Lucknow,226010,5,47
19-12-2025,Uttar Pradesh,Lucknow,226020,5,78
19-12-2025,Uttar Pradesh,Lucknow,226023,1,15
19-12-2025,Uttar Pradesh,Lucknow,226101,3,50
19-12-2025,Uttar Pradesh,Lucknow,226104,0,1
19-12-2025,Uttar Pradesh,Lucknow,226203,0,2
19-12-2025,Uttar Pradesh,Lucknow,227101,2,18
19-12-2025,Uttar Pradesh,Lucknow,227309,4,14
18-12-2025,Uttar Pradesh,Lucknow,226006,0,18
18-12-2025,Uttar Pradesh,Lucknow,226018,0,52
18-12-2025,Uttar Pradesh,Lucknow,226019,0,4
18-12-2025,Uttar Pradesh,Lucknow,226023,3,15
18-12-2025,Uttar Pradesh,Lucknow,226101,2,54
18-12-2025,Uttar Pradesh,Lucknow,226102,0,4
18-12-2025,Uttar Pradesh,Lucknow,227105,1,25
18-12-2025,Uttar Pradesh,Lucknow,227125,1,46
02-01-2026,Uttar Pradesh,Lucknow,226001,4,38
02-01-2026,Uttar Pradesh,Lucknow,226012,1,25
02-01-2026,Uttar Pradesh,Lucknow,226013,2,6
02-01-2026,Uttar Pradesh,Lucknow,226020,6,47
02-01-2026,Uttar Pradesh,Lucknow,226021,4,46
02-01-2026,Uttar Pradesh,Lucknow,226024,4,9
02-01-2026,Uttar Pradesh,Lucknow,226302,0,1
02-01-2026,Uttar Pradesh,Lucknow,226401,1,9
04-11-2025,Uttar Pradesh,Lucknow,226006,2,10
04-11-2025,Uttar Pradesh,Lucknow,226007,0,10
04-11-2025,Uttar Pradesh,Lucknow,226012,3,20
04-11-2025,Uttar Pradesh,Lucknow,226014,0,4
04-11-2025,Uttar Pradesh,Lucknow,226015,0,4
04-11-2025,Uttar Pradesh,Lucknow,226016,5,53
04-11-2025,Uttar Pradesh,Lucknow,226017,3,44
04-11-2025,Uttar Pradesh,Lucknow,226101,1,16
04-11-2025,Uttar Pradesh,Lucknow,227105,0,13
04-11-2025,Uttar Pradesh,Lucknow,227202,0,54
04-11-2025,Uttar Pradesh,Lucknow,227309,3,12
05-11-2025,Uttar Pradesh,Lucknow,226010,3,25
05-11-2025,Uttar Pradesh,Lucknow,226015,0,2
05-11-2025,Uttar Pradesh,Lucknow,226021,2,20
05-11-2025,Uttar Pradesh,Lucknow,226022,0,17
05-11-2025,Uttar Pradesh,Lucknow,226028,1,30
05-11-2025,Uttar Pradesh,Lucknow,226029,1,9
06-11-2025,Uttar Pradesh,Lucknow,226002,1,66
06-11-2025,Uttar Pradesh,Lucknow,226008,0,37
06-11-2025,Uttar Pradesh,Lucknow,226013,1,3
06-11-2025,Uttar Pradesh,Lucknow,226018,4,30
06-11-2025,Uttar Pradesh,Lucknow,226028,3,40
06-11-2025,Uttar Pradesh,Lucknow,226029,3,8
06-11-2025,Uttar Pradesh,Lucknow,226201,0,1
06-11-2025,Uttar Pradesh,Lucknow,227107,4,65
06-11-2025,Uttar Pradesh,Lucknow,227111,2,41
06-11-2025,Uttar Pradesh,Lucknow,227308,1,16
28-12-2025,Uttar Pradesh,Lucknow,226002,12,78
28-12-2025,Uttar Pradesh,Lucknow,226005,3,30
28-12-2025,Uttar Pradesh,Lucknow,226011,3,20
28-12-2025,Uttar Pradesh,Lucknow,226013,1,3
28-12-2025,Uttar Pradesh,Lucknow,226020,5,75
28-12-2025,Uttar Pradesh,Lucknow,226021,6,57
28-12-2025,Uttar Pradesh,Lucknow,226023,1,13
28-12-2025,Uttar Pradesh,Lucknow,226024,1,16
28-12-2025,Uttar Pradesh,Lucknow,226029,1,17
28-12-2025,Uttar Pradesh,Lucknow,227111,0,16
28-12-2025,Uttar Pradesh,Lucknow,227115,0,8
28-12-2025,Uttar Pradesh,Lucknow,227125,0,20
28-12-2025,Uttar Pradesh,Lucknow,227202,3,26
20-12-2025,Uttar Pradesh,Lucknow,226104,0,1
21-12-2025,Uttar Pradesh,Lucknow,226015,0,4
29-11-2025,Uttar Pradesh,Lucknow,226303,0,1
27-11-2025,Uttar Pradesh,Lucknow,226202,0,1
31-12-2025,Uttar Pradesh,Lucknow,226004,3,75
31-12-2025,Uttar Pradesh,Lucknow,226014,1,0
31-12-2025,Uttar Pradesh,Lucknow,226018,1,59
31-12-2025,Uttar Pradesh,Lucknow,226021,6,73
31-12-2025,Uttar Pradesh,Lucknow,226023,1,23
31-12-2025,Uttar Pradesh,Lucknow,226025,0,22
31-12-2025,Uttar Pradesh,Lucknow,226026,0,13
31-12-2025,Uttar Pradesh,Lucknow,226301,0,6
31-12-2025,Uttar Pradesh,Lucknow,227202,3,42
20-12-2025,Uttar Pradesh,Lucknow,226001,0,54
20-12-2025,Uttar Pradesh,Lucknow,226012,2,15
20-12-2025,Uttar Pradesh,Lucknow,226022,2,34
20-12-2025,Uttar Pradesh,Lucknow,226203,0,2
20-12-2025,Uttar Pradesh,Lucknow,227111,2,14
20-12-2025,Uttar Pradesh,Lucknow,227205,3,52
21-12-2025,Uttar Pradesh,Lucknow,226013,0,2
21-12-2025,Uttar Pradesh,Lucknow,226102,1,3
21-12-2025,Uttar Pradesh,Lucknow,226501,1,1
21-12-2025,Uttar Pradesh,Lucknow,227125,0,3
21-12-2025,Uttar Pradesh,Lucknow,227205,0,10
21-12-2025,Uttar Pradesh,Lucknow,227305,1,5
13-12-2025,Uttar Pradesh,Lucknow,226007,1,6
13-12-2025,Uttar Pradesh,Lucknow,226009,0,3
13-12-2025,Uttar Pradesh,Lucknow,226011,4,29
13-12-2025,Uttar Pradesh,Lucknow,226012,3,25
13-12-2025,Uttar Pradesh,Lucknow,226015,0,2
13-12-2025,Uttar Pradesh,Lucknow,226020,9,81
13-12-2025,Uttar Pradesh,Lucknow,226026,1,22
13-12-2025,Uttar Pradesh,Lucknow,226501,0,12
13-12-2025,Uttar Pradesh,Lucknow,227107,3,50
13-12-2025,Uttar Pradesh,Lucknow,227116,1,32
13-12-2025,Uttar Pradesh,Lucknow,227308,5,40
13-12-2025,Uttar Pradesh,Lucknow,227309,3,32
16-12-2025,Uttar Pradesh,Lucknow,226008,5,44
16-12-2025,Uttar Pradesh,Lucknow,226015,0,4
16-12-2025,Uttar Pradesh,Lucknow,226026,1,13
16-12-2025,Uttar Pradesh,Lucknow,226028,5,54
16-12-2025,Uttar Pradesh,Lucknow,226030,1,10
16-12-2025,Uttar Pradesh,Lucknow,226102,0,4
16-12-2025,Uttar Pradesh,Lucknow,226201,0,6
16-12-2025,Uttar Pradesh,Lucknow,226203,0,4
16-12-2025,Uttar Pradesh,Lucknow,226301,0,14
16-12-2025,Uttar Pradesh,Lucknow,227101,2,31
16-12-2025,Uttar Pradesh,Lucknow,227205,1,58
16-12-2025,Uttar Pradesh,Lucknow,227207,0,1
16-12-2025,Uttar Pradesh,Lucknow,227309,1,26
22-12-2025,Uttar Pradesh,Lucknow,226001,3,50
22-12-2025,Uttar Pradesh,Lucknow,226003,11,310
22-12-2025,Uttar Pradesh,Lucknow,226013,0,4
22-12-2025,Uttar Pradesh,Lucknow,226019,0,1
22-12-2025,Uttar Pradesh,Lucknow,226020,8,95
22-12-2025,Uttar Pradesh,Lucknow,226028,7,54
22-12-2025,Uttar Pradesh,Lucknow,226030,0,3
22-12-2025,Uttar Pradesh,Lucknow,227107,3,59
14-12-2025,Uttar Pradesh,Lucknow,226014,0,3
14-12-2025,Uttar Pradesh,Lucknow,226017,5,43
14-12-2025,Uttar Pradesh,Lucknow,226018,2,13
14-12-2025,Uttar Pradesh,Lucknow,226025,0,9
14-12-2025,Uttar Pradesh,Lucknow,226030,2,3
14-12-2025,Uttar Pradesh,Lucknow,227202,0,14
15-12-2025,Uttar Pradesh,Lucknow,226004,2,61
15-12-2025,Uttar Pradesh,Lucknow,226011,1,24
15-12-2025,Uttar Pradesh,Lucknow,226014,0,2
15-12-2025,Uttar Pradesh,Lucknow,226018,2,56
15-12-2025,Uttar Pradesh,Lucknow,226019,0,1
15-12-2025,Uttar Pradesh,Lucknow,226025,2,15
15-12-2025,Uttar Pradesh,Lucknow,226030,3,8
15-12-2025,Uttar Pradesh,Lucknow,227107,2,66
15-12-2025,Uttar Pradesh,Lucknow,227309,2,35
17-12-2025,Uttar Pradesh,Lucknow,226005,0,53
17-12-2025,Uttar Pradesh,Lucknow,226007,0,13
17-12-2025,Uttar Pradesh,Lucknow,226009,0,2
17-12-2025,Uttar Pradesh,Lucknow,226010,2,54
17-12-2025,Uttar Pradesh,Lucknow,226011,5,29
17-12-2025,Uttar Pradesh,Lucknow,226013,0,4
17-12-2025,Uttar Pradesh,Lucknow,226019,0,1
17-12-2025,Uttar Pradesh,Lucknow,226030,0,7
17-12-2025,Uttar Pradesh,Lucknow,227101,2,22
17-12-2025,Uttar Pradesh,Lucknow,227107,3,48
17-12-2025,Uttar Pradesh,Lucknow,227111,1,32
17-12-2025,Uttar Pradesh,Lucknow,227125,0,30
10-11-2025,Uttar Pradesh,Lucknow,226003,7,236
10-11-2025,Uttar Pradesh,Lucknow,226013,3,6
10-11-2025,Uttar Pradesh,Lucknow,226015,0,7
10-11-2025,Uttar Pradesh,Lucknow,226020,2,52
10-11-2025,Uttar Pradesh,Lucknow,226024,0,23
10-11-2025,Uttar Pradesh,Lucknow,226025,0,16
11-11-2025,Uttar Pradesh,Lucknow,226006,2,11
11-11-2025,Uttar Pradesh,Lucknow,226012,0,23
11-11-2025,Uttar Pradesh,Lucknow,226018,4,29
11-11-2025,Uttar Pradesh,Lucknow,226023,0,24
11-11-2025,Uttar Pradesh,Lucknow,226026,0,16
11-11-2025,Uttar Pradesh,Lucknow,226031,1,6
11-11-2025,Uttar Pradesh,Lucknow,226301,2,11
11-11-2025,Uttar Pradesh,Lucknow,227107,3,91
11-11-2025,Uttar Pradesh,Lucknow,227115,2,37
11-11-2025,Uttar Pradesh,Lucknow,227205,1,26
11-11-2025,Uttar Pradesh,Lucknow,227308,2,25
13-11-2025,Uttar Pradesh,Lucknow,226001,3,46
13-11-2025,Uttar Pradesh,Lucknow,226006,0,12
13-11-2025,Uttar Pradesh,Lucknow,226015,0,6
13-11-2025,Uttar Pradesh,Lucknow,226023,1,15
13-11-2025,Uttar Pradesh,Lucknow,226025,2,19
13-11-2025,Uttar Pradesh,Lucknow,226029,3,12
13-11-2025,Uttar Pradesh,Lucknow,226031,2,3
13-11-2025,Uttar Pradesh,Lucknow,226301,0,6
13-11-2025,Uttar Pradesh,Lucknow,227115,5,38
13-11-2025,Uttar Pradesh,Lucknow,227205,1,33
14-11-2025,Uttar Pradesh,Lucknow,226001,1,44
14-11-2025,Uttar Pradesh,Lucknow,226002,5,58
14-11-2025,Uttar Pradesh,Lucknow,226006,0,13
14-11-2025,Uttar Pradesh,Lucknow,226029,1,10
14-11-2025,Uttar Pradesh,Lucknow,226102,0,1
14-11-2025,Uttar Pradesh,Lucknow,226302,0,1
14-11-2025,Uttar Pradesh,Lucknow,227107,2,83
14-11-2025,Uttar Pradesh,Lucknow,227111,3,29
14-11-2025,Uttar Pradesh,Lucknow,227305,0,33
07-11-2025,Uttar Pradesh,Lucknow,226021,2,53
07-11-2025,Uttar Pradesh,Lucknow,226024,0,15
07-11-2025,Uttar Pradesh,Lucknow,226203,2,2
07-11-2025,Uttar Pradesh,Lucknow,227105,1,9
07-11-2025,Uttar Pradesh,Lucknow,227116,0,19
09-11-2025,Uttar Pradesh,Lucknow,226015,2,4
09-11-2025,Uttar Pradesh,Lucknow,226022,2,13
09-11-2025,Uttar Pradesh,Lucknow,226030,0,6
09-11-2025,Uttar Pradesh,Lucknow,226031,1,3
09-11-2025,Uttar Pradesh,Lucknow,226102,0,2
09-11-2025,Uttar Pradesh,Lucknow,226201,0,2
09-11-2025,Uttar Pradesh,Lucknow,227101,0,7
09-11-2025,Uttar Pradesh,Lucknow,227105,0,1
09-11-2025,Uttar Pradesh,Lucknow,227111,0,4
08-11-2025,Uttar Pradesh,Lucknow,226002,2,55
08-11-2025,Uttar Pradesh,Lucknow,226010,4,42
08-11-2025,Uttar Pradesh,Lucknow,226014,1,3
08-11-2025,Uttar Pradesh,Lucknow,226015,1,1
08-11-2025,Uttar Pradesh,Lucknow,226017,3,47
08-11-2025,Uttar Pradesh,Lucknow,226025,0,9
08-11-2025,Uttar Pradesh,Lucknow,226203,0,1
08-11-2025,Uttar Pradesh,Lucknow,227205,3,30
08-11-2025,Uttar Pradesh,Lucknow,227309,0,6
12-11-2025,Uttar Pradesh,Lucknow,226003,13,226
12-11-2025,Uttar Pradesh,Lucknow,226013,2,8
12-11-2025,Uttar Pradesh,Lucknow,226024,1,17
12-11-2025,Uttar Pradesh,Lucknow,226201,0,6
12-11-2025,Uttar Pradesh,Lucknow,226302,0,2
12-11-2025,Uttar Pradesh,Lucknow,227101,0,11
12-11-2025,Uttar Pradesh,Lucknow,227202,0,26
16-11-2025,Uttar Pradesh,Lucknow,226002,1,34
16-11-2025,Uttar Pradesh,Lucknow,226003,1,114
16-11-2025,Uttar Pradesh,Lucknow,226006,1,2
16-11-2025,Uttar Pradesh,Lucknow,226007,0,3
16-11-2025,Uttar Pradesh,Lucknow,226008,1,11
16-11-2025,Uttar Pradesh,Lucknow,226012,2,4
16-11-2025,Uttar Pradesh,Lucknow,226017,3,38
16-11-2025,Uttar Pradesh,Lucknow,226029,0,9
16-11-2025,Uttar Pradesh,Lucknow,226030,1,3
16-11-2025,Uttar Pradesh,Lucknow,226101,1,23
16-11-2025,Uttar Pradesh,Lucknow,226302,0,1
16-11-2025,Uttar Pradesh,Lucknow,227107,0,16
16-11-2025,Uttar Pradesh,Lucknow,227308,3,8
15-11-2025,Uttar Pradesh,Lucknow,226005,5,37
15-11-2025,Uttar Pradesh,Lucknow,226006,0,13
15-11-2025,Uttar Pradesh,Lucknow,226010,6,42
15-11-2025,Uttar Pradesh,Lucknow,226025,0,9
15-11-2025,Uttar Pradesh,Lucknow,226026,1,11
15-11-2025,Uttar Pradesh,Lucknow,226201,1,3
15-11-2025,Uttar Pradesh,Lucknow,226302,0,1
15-11-2025,Uttar Pradesh,Lucknow,227105,0,14
15-11-2025,Uttar Pradesh,Lucknow,227305,0,32
17-11-2025,Uttar Pradesh,Lucknow,226004,1,57
17-11-2025,Uttar Pradesh,Lucknow,226007,1,9
17-11-2025,Uttar Pradesh,Lucknow,226014,0,2
17-11-2025,Uttar Pradesh,Lucknow,226015,0,5
17-11-2025,Uttar Pradesh,Lucknow,226023,2,20
17-11-2025,Uttar Pradesh,Lucknow,226026,1,16
17-11-2025,Uttar Pradesh,Lucknow,226029,0,12
17-11-2025,Uttar Pradesh,Lucknow,227105,0,22
17-11-2025,Uttar Pradesh,Lucknow,227125,4,53
17-11-2025,Uttar Pradesh,Lucknow,227309,1,28
18-11-2025,Uttar Pradesh,Lucknow,226001,3,70
18-11-2025,Uttar Pradesh,Lucknow,226004,3,54
18-11-2025,Uttar Pradesh,Lucknow,226005,1,37
18-11-2025,Uttar Pradesh,Lucknow,226006,0,10
18-11-2025,Uttar Pradesh,Lucknow,226011,2,20
18-11-2025,Uttar Pradesh,Lucknow,226012,1,23
18-11-2025,Uttar Pradesh,Lucknow,226014,0,3
18-11-2025,Uttar Pradesh,Lucknow,226018,2,56
18-11-2025,Uttar Pradesh,Lucknow,226022,2,57
18-11-2025,Uttar Pradesh,Lucknow,226023,3,31
18-11-2025,Uttar Pradesh,Lucknow,226201,0,4
18-11-2025,Uttar Pradesh,Lucknow,226301,1,5
18-11-2025,Uttar Pradesh,Lucknow,227116,1,29
18-11-2025,Uttar Pradesh,Lucknow,227125,1,41
18-11-2025,Uttar Pradesh,Lucknow,227309,2,17
19-11-2025,Uttar Pradesh,Lucknow,226003,8,456
19-11-2025,Uttar Pradesh,Lucknow,226004,1,43
19-11-2025,Uttar Pradesh,Lucknow,226007,0,16
19-11-2025,Uttar Pradesh,Lucknow,226012,0,42
19-11-2025,Uttar Pradesh,Lucknow,226022,0,65
19-11-2025,Uttar Pradesh,Lucknow,226026,1,25
19-11-2025,Uttar Pradesh,Lucknow,226030,0,8
19-11-2025,Uttar Pradesh,Lucknow,226301,2,15
19-11-2025,Uttar Pradesh,Lucknow,227101,0,26
19-11-2025,Uttar Pradesh,Lucknow,227205,0,26
21-11-2025,Uttar Pradesh,Lucknow,226002,5,74
21-11-2025,Uttar Pradesh,Lucknow,226004,9,34
21-11-2025,Uttar Pradesh,Lucknow,226010,2,56
21-11-2025,Uttar Pradesh,Lucknow,226014,1,2
21-11-2025,Uttar Pradesh,Lucknow,226017,0,57
21-11-2025,Uttar Pradesh,Lucknow,226301,0,11
21-11-2025,Uttar Pradesh,Lucknow,227202,0,21
20-11-2025,Uttar Pradesh,Lucknow,226004,3,66
20-11-2025,Uttar Pradesh,Lucknow,226006,0,17
20-11-2025,Uttar Pradesh,Lucknow,226008,2,26
20-11-2025,Uttar Pradesh,Lucknow,226009,0,4
20-11-2025,Uttar Pradesh,Lucknow,226025,0,10
20-11-2025,Uttar Pradesh,Lucknow,226203,0,6
20-11-2025,Uttar Pradesh,Lucknow,226501,0,4
20-11-2025,Uttar Pradesh,Lucknow,227309,0,24
01-11-2025,Uttar Pradesh,Lucknow,226005,2,29
01-11-2025,Uttar Pradesh,Lucknow,226010,3,35
01-11-2025,Uttar Pradesh,Lucknow,226011,1,22
01-11-2025,Uttar Pradesh,Lucknow,226017,5,57
01-11-2025,Uttar Pradesh,Lucknow,226020,10,37
01-11-2025,Uttar Pradesh,Lucknow,226023,1,12
01-11-2025,Uttar Pradesh,Lucknow,226025,0,9
01-11-2025,Uttar Pradesh,Lucknow,226026,0,15
01-11-2025,Uttar Pradesh,Lucknow,226028,4,27
01-11-2025,Uttar Pradesh,Lucknow,226102,0,4
01-11-2025,Uttar Pradesh,Lucknow,226104,0,1
01-11-2025,Uttar Pradesh,Lucknow,226301,2,6
01-11-2025,Uttar Pradesh,Lucknow,226401,2,10
01-11-2025,Uttar Pradesh,Lucknow,227125,1,13
02-11-2025,Uttar Pradesh,Lucknow,226002,3,24
02-11-2025,Uttar Pradesh,Lucknow,226008,2,10
02-11-2025,Uttar Pradesh,Lucknow,226013,0,3
02-11-2025,Uttar Pradesh,Lucknow,226017,2,16
02-11-2025,Uttar Pradesh,Lucknow,226020,0,12
02-11-2025,Uttar Pradesh,Lucknow,226024,0,1
02-11-2025,Uttar Pradesh,Lucknow,226029,1,3
02-11-2025,Uttar Pradesh,Lucknow,226301,0,1
02-11-2025,Uttar Pradesh,Lucknow,227101,1,9
02-11-2025,Uttar Pradesh,Lucknow,227105,0,3
02-11-2025,Uttar Pradesh,Lucknow,227107,1,8
02-11-2025,Uttar Pradesh,Lucknow,227308,1,8
03-11-2025,Uttar Pradesh,Lucknow,226004,1,44
03-11-2025,Uttar Pradesh,Lucknow,226011,0,14
03-11-2025,Uttar Pradesh,Lucknow,226012,2,25
03-11-2025,Uttar Pradesh,Lucknow,226013,0,8
03-11-2025,Uttar Pradesh,Lucknow,226014,0,4
03-11-2025,Uttar Pradesh,Lucknow,226016,2,66
03-11-2025,Uttar Pradesh,Lucknow,226018,4,24
03-11-2025,Uttar Pradesh,Lucknow,226024,2,17
03-11-2025,Uttar Pradesh,Lucknow,226030,0,1
03-11-2025,Uttar Pradesh,Lucknow,226031,0,1
03-11-2025,Uttar Pradesh,Lucknow,226102,1,4
03-11-2025,Uttar Pradesh,Lucknow,227111,0,31
03-11-2025,Uttar Pradesh,Lucknow,227305,1,54
30-10-2025,Uttar Pradesh,Lucknow,226005,1,18
30-10-2025,Uttar Pradesh,Lucknow,226006,0,7
30-10-2025,Uttar Pradesh,Lucknow,226026,0,8
30-10-2025,Uttar Pradesh,Lucknow,226101,1,9
30-10-2025,Uttar Pradesh,Lucknow,226201,0,5
30-10-2025,Uttar Pradesh,Lucknow,227105,0,13
30-10-2025,Uttar Pradesh,Lucknow,227111,2,15
30-10-2025,Uttar Pradesh,Lucknow,227125,0,17
29-10-2025,Uttar Pradesh,Lucknow,226005,1,40
29-10-2025,Uttar Pradesh,Lucknow,226013,1,1
29-10-2025,Uttar Pradesh,Lucknow,226031,0,8
29-10-2025,Uttar Pradesh,Lucknow,226101,1,25
29-10-2025,Uttar Pradesh,Lucknow,226102,0,1
29-10-2025,Uttar Pradesh,Lucknow,226201,1,2
29-10-2025,Uttar Pradesh,Lucknow,226301,1,7
29-10-2025,Uttar Pradesh,Lucknow,226501,1,12
29-10-2025,Uttar Pradesh,Lucknow,227105,0,25
29-10-2025,Uttar Pradesh,Lucknow,227115,4,50
29-10-2025,Uttar Pradesh,Lucknow,227305,2,42
31-10-2025,Uttar Pradesh,Lucknow,226001,4,39
31-10-2025,Uttar Pradesh,Lucknow,226004,0,42
31-10-2025,Uttar Pradesh,Lucknow,226006,1,8
31-10-2025,Uttar Pradesh,Lucknow,226007,2,10
31-10-2025,Uttar Pradesh,Lucknow,226010,0,40
31-10-2025,Uttar Pradesh,Lucknow,226012,2,20
31-10-2025,Uttar Pradesh,Lucknow,226017,2,44
31-10-2025,Uttar Pradesh,Lucknow,226020,4,38
31-10-2025,Uttar Pradesh,Lucknow,226025,1,10
31-10-2025,Uttar Pradesh,Lucknow,226201,0,4
31-10-2025,Uttar Pradesh,Lucknow,226501,0,7
31-10-2025,Uttar Pradesh,Lucknow,227101,1,17
31-10-2025,Uttar Pradesh,Lucknow,227105,0,13
31-10-2025,Uttar Pradesh,Lucknow,227107,6,60
31-10-2025,Uttar Pradesh,Lucknow,227111,1,36
31-10-2025,Uttar Pradesh,Lucknow,227116,0,14
31-10-2025,Uttar Pradesh,Lucknow,227205,1,41
31-10-2025,Uttar Pradesh,Lucknow,227308,1,14
01-12-2025,Uttar Pradesh,Lucknow,226012,0,42
01-12-2025,Uttar Pradesh,Lucknow,226015,0,7
01-12-2025,Uttar Pradesh,Lucknow,226018,2,33
01-12-2025,Uttar Pradesh,Lucknow,226024,1,25
01-12-2025,Uttar Pradesh,Lucknow,226101,3,75
01-12-2025,Uttar Pradesh,Lucknow,226102,1,5
01-12-2025,Uttar Pradesh,Lucknow,226401,1,9
01-12-2025,Uttar Pradesh,Lucknow,227305,1,33
26-11-2025,Uttar Pradesh,Lucknow,226015,1,5
26-11-2025,Uttar Pradesh,Lucknow,226017,4,93
26-11-2025,Uttar Pradesh,Lucknow,226020,2,96
26-11-2025,Uttar Pradesh,Lucknow,226031,0,6
26-11-2025,Uttar Pradesh,Lucknow,226101,4,32
26-11-2025,Uttar Pradesh,Lucknow,226302,0,2
26-11-2025,Uttar Pradesh,Lucknow,227107,1,64
02-12-2025,Uttar Pradesh,Lucknow,226002,2,86
02-12-2025,Uttar Pradesh,Lucknow,226003,14,378
02-12-2025,Uttar Pradesh,Lucknow,226014,1,4
02-12-2025,Uttar Pradesh,Lucknow,226015,0,8
02-12-2025,Uttar Pradesh,Lucknow,226104,0,1
02-12-2025,Uttar Pradesh,Lucknow,226202,0,2
02-12-2025,Uttar Pradesh,Lucknow,227107,2,67
02-12-2025,Uttar Pradesh,Lucknow,227115,1,34
02-12-2025,Uttar Pradesh,Lucknow,227125,1,38
02-12-2025,Uttar Pradesh,Lucknow,227202,1,21
02-12-2025,Uttar Pradesh,Lucknow,227305,2,38
24-11-2025,Uttar Pradesh,Lucknow,226001,3,60
24-11-2025,Uttar Pradesh,Lucknow,226010,4,50
24-11-2025,Uttar Pradesh,Lucknow,226013,0,3
24-11-2025,Uttar Pradesh,Lucknow,226020,2,102
24-11-2025,Uttar Pradesh,Lucknow,226023,3,23
24-11-2025,Uttar Pradesh,Lucknow,226031,0,2
24-11-2025,Uttar Pradesh,Lucknow,226302,0,4
24-11-2025,Uttar Pradesh,Lucknow,226401,0,6
24-11-2025,Uttar Pradesh,Lucknow,227111,0,34
25-11-2025,Uttar Pradesh,Lucknow,226001,0,60
25-11-2025,Uttar Pradesh,Lucknow,226002,5,48
25-11-2025,Uttar Pradesh,Lucknow,226004,2,60
25-11-2025,Uttar Pradesh,Lucknow,226009,0,4
25-11-2025,Uttar Pradesh,Lucknow,226010,3,62
25-11-2025,Uttar Pradesh,Lucknow,226011,4,41
25-11-2025,Uttar Pradesh,Lucknow,226014,0,6
25-11-2025,Uttar Pradesh,Lucknow,226016,7,66
25-11-2025,Uttar Pradesh,Lucknow,226018,3,49
25-11-2025,Uttar Pradesh,Lucknow,226022,2,55
25-11-2025,Uttar Pradesh,Lucknow,226031,0,7
25-11-2025,Uttar Pradesh,Lucknow,227116,0,13
25-11-2025,Uttar Pradesh,Lucknow,227125,1,25
25-11-2025,Uttar Pradesh,Lucknow,227309,1,9
22-11-2025,Uttar Pradesh,Lucknow,226003,13,206
22-11-2025,Uttar Pradesh,Lucknow,226006,0,4
22-11-2025,Uttar Pradesh,Lucknow,226009,0,1
22-11-2025,Uttar Pradesh,Lucknow,226015,0,3
22-11-2025,Uttar Pradesh,Lucknow,226018,1,46
22-11-2025,Uttar Pradesh,Lucknow,226023,0,8
22-11-2025,Uttar Pradesh,Lucknow,226031,0,1
22-11-2025,Uttar Pradesh,Lucknow,226101,2,24
22-11-2025,Uttar Pradesh,Lucknow,227107,2,48
22-11-2025,Uttar Pradesh,Lucknow,227111,0,22
22-11-2025,Uttar Pradesh,Lucknow,227115,2,29
22-11-2025,Uttar Pradesh,Lucknow,227202,5,19
22-11-2025,Uttar Pradesh,Lucknow,227305,1,14
22-11-2025,Uttar Pradesh,Lucknow,227308,2,24
23-11-2025,Uttar Pradesh,Lucknow,226011,2,19
23-11-2025,Uttar Pradesh,Lucknow,226012,0,9
23-11-2025,Uttar Pradesh,Lucknow,226017,2,47
23-11-2025,Uttar Pradesh,Lucknow,226025,0,7
23-11-2025,Uttar Pradesh,Lucknow,227105,1,4
23-11-2025,Uttar Pradesh,Lucknow,227125,2,17
27-11-2025,Uttar Pradesh,Lucknow,226007,0,9
27-11-2025,Uttar Pradesh,Lucknow,226014,1,3
27-11-2025,Uttar Pradesh,Lucknow,226019,0,1
27-11-2025,Uttar Pradesh,Lucknow,226020,1,153
27-11-2025,Uttar Pradesh,Lucknow,226023,3,15
27-11-2025,Uttar Pradesh,Lucknow,226030,0,4
27-11-2025,Uttar Pradesh,Lucknow,226501,0,4
27-11-2025,Uttar Pradesh,Lucknow,227116,0,18
27-11-2025,Uttar Pradesh,Lucknow,227305,2,52
30-11-2025,Uttar Pradesh,Lucknow,226018,0,10
30-11-2025,Uttar Pradesh,Lucknow,226028,0,22
30-11-2025,Uttar Pradesh,Lucknow,227116,0,6
30-11-2025,Uttar Pradesh,Lucknow,227308,0,16
29-11-2025,Uttar Pradesh,Lucknow,226002,6,103
29-11-2025,Uttar Pradesh,Lucknow,226018,2,40
29-11-2025,Uttar Pradesh,Lucknow,226501,1,5
29-11-2025,Uttar Pradesh,Lucknow,227101,3,21
29-11-2025,Uttar Pradesh,Lucknow,227202,2,32
28-11-2025,Uttar Pradesh,Lucknow,226013,0,2
28-11-2025,Uttar Pradesh,Lucknow,226101,3,64
28-11-2025,Uttar Pradesh,Lucknow,227115,3,61
28-11-2025,Uttar Pradesh,Lucknow,227205,3,62
16-11-2025,Uttar Pradesh,Lucknow,226102,0,1
01-12-2025,Uttar Pradesh,Lucknow,226203,0,1
02-12-2025,Uttar Pradesh,Lucknow,227207,0,1
09-12-2025,Uttar Pradesh,Lucknow,226303,0,1
13-12-2025,Uttar Pradesh,Lucknow,226103,0,1
19-12-2025,Uttar Pradesh,Lucknow,226202,0,1
20-12-2025,Uttar Pradesh,Lucknow,226014,0,3
28-12-2025,Uttar Pradesh,Lucknow,226004,1,38
28-12-2025,Uttar Pradesh,Lucknow,226010,8,55
28-12-2025,Uttar Pradesh,Lucknow,226014,1,7
28-12-2025,Uttar Pradesh,Lucknow,226028,4,33
28-12-2025,Uttar Pradesh,Lucknow,226201,1,7
28-12-2025,Uttar Pradesh,Lucknow,226401,3,7
28-12-2025,Uttar Pradesh,Lucknow,226501,0,14
28-12-2025,Uttar Pradesh,Lucknow,227101,1,13
28-12-2025,Uttar Pradesh,Lucknow,227105,0,9
28-12-2025,Uttar Pradesh,Lucknow,227205,1,16
28-12-2025,Uttar Pradesh,Lucknow,227309,1,16
29-12-2025,Uttar Pradesh,Lucknow,226001,1,52
29-12-2025,Uttar Pradesh,Lucknow,226003,8,224
29-12-2025,Uttar Pradesh,Lucknow,226014,0,1
29-12-2025,Uttar Pradesh,Lucknow,226017,4,72
29-12-2025,Uttar Pradesh,Lucknow,226024,0,18
29-12-2025,Uttar Pradesh,Lucknow,227101,0,19
29-12-2025,Uttar Pradesh,Lucknow,227105,0,32
29-12-2025,Uttar Pradesh,Lucknow,227107,6,57
29-12-2025,Uttar Pradesh,Lucknow,227111,2,33
29-12-2025,Uttar Pradesh,Lucknow,227205,2,75
31-12-2025,Uttar Pradesh,Lucknow,226001,2,55
31-12-2025,Uttar Pradesh,Lucknow,226007,0,4
31-12-2025,Uttar Pradesh,Lucknow,226009,0,4
31-12-2025,Uttar Pradesh,Lucknow,226015,0,4
31-12-2025,Uttar Pradesh,Lucknow,226019,0,3
31-12-2025,Uttar Pradesh,Lucknow,226101,3,36
31-12-2025,Uttar Pradesh,Lucknow,227105,0,22
01-01-2026,Uttar Pradesh,Lucknow,226002,2,72
01-01-2026,Uttar Pradesh,Lucknow,226004,3,60
01-01-2026,Uttar Pradesh,Lucknow,226006,0,10
01-01-2026,Uttar Pradesh,Lucknow,226015,0,4
01-01-2026,Uttar Pradesh,Lucknow,226019,0,2
01-01-2026,Uttar Pradesh,Lucknow,226030,0,2
01-01-2026,Uttar Pradesh,Lucknow,226031,0,1
01-01-2026,Uttar Pradesh,Lucknow,226301,0,5
01-01-2026,Uttar Pradesh,Lucknow,227107,2,54
01-01-2026,Uttar Pradesh,Lucknow,227305,1,36
01-01-2026,Uttar Pradesh,Lucknow,227308,1,9
01-01-2026,Uttar Pradesh,Lucknow,227309,1,15
02-01-2026,Uttar Pradesh,Lucknow,226002,5,66
02-01-2026,Uttar Pradesh,Lucknow,226006,0,11
02-01-2026,Uttar Pradesh,Lucknow,226010,5,40
02-01-2026,Uttar Pradesh,Lucknow,226014,1,4
02-01-2026,Uttar Pradesh,Lucknow,227105,0,13
03-01-2026,Uttar Pradesh,Lucknow,226002,0,22
03-01-2026,Uttar Pradesh,Lucknow,226003,1,51
03-01-2026,Uttar Pradesh,Lucknow,226022,0,5
03-01-2026,Uttar Pradesh,Lucknow,226023,1,8
03-01-2026,Uttar Pradesh,Lucknow,226024,2,4
03-01-2026,Uttar Pradesh,Lucknow,226025,0,6
03-01-2026,Uttar Pradesh,Lucknow,226026,1,4
03-01-2026,Uttar Pradesh,Lucknow,226031,0,2
03-01-2026,Uttar Pradesh,Lucknow,227105,0,5
03-01-2026,Uttar Pradesh,Lucknow,227107,1,12
03-01-2026,Uttar Pradesh,Lucknow,227111,0,6
03-01-2026,Uttar Pradesh,Lucknow,227115,1,13
23-12-2025,Uttar Pradesh,Lucknow,226001,3,69
23-12-2025,Uttar Pradesh,Lucknow,226002,4,107
23-12-2025,Uttar Pradesh,Lucknow,226003,12,342
23-12-2025,Uttar Pradesh,Lucknow,226011,0,25
23-12-2025,Uttar Pradesh,Lucknow,226015,0,12
23-12-2025,Uttar Pradesh,Lucknow,226020,6,123
23-12-2025,Uttar Pradesh,Lucknow,226026,2,25
23-12-2025,Uttar Pradesh,Lucknow,226031,0,5
23-12-2025,Uttar Pradesh,Lucknow,226203,0,9
23-12-2025,Uttar Pradesh,Lucknow,226301,1,15
23-12-2025,Uttar Pradesh,Lucknow,227105,1,18
23-12-2025,Uttar Pradesh,Lucknow,227116,2,18
23-12-2025,Uttar Pradesh,Lucknow,227125,0,63
23-12-2025,Uttar Pradesh,Lucknow,227205,0,52
23-12-2025,Uttar Pradesh,Lucknow,227309,2,23
24-12-2025,Uttar Pradesh,Lucknow,226004,3,69
24-12-2025,Uttar Pradesh,Lucknow,226006,0,10
24-12-2025,Uttar Pradesh,Lucknow,226010,5,44
24-12-2025,Uttar Pradesh,Lucknow,226014,0,3
24-12-2025,Uttar Pradesh,Lucknow,226020,3,79
24-12-2025,Uttar Pradesh,Lucknow,226023,0,18
24-12-2025,Uttar Pradesh,Lucknow,226031,0,6
24-12-2025,Uttar Pradesh,Lucknow,226203,0,5
24-12-2025,Uttar Pradesh,Lucknow,226301,2,9
24-12-2025,Uttar Pradesh,Lucknow,226302,0,7
24-12-2025,Uttar Pradesh,Lucknow,227105,2,18
24-12-2025,Uttar Pradesh,Lucknow,227107,2,79
24-12-2025,Uttar Pradesh,Lucknow,227125,3,46
25-12-2025,Uttar Pradesh,Lucknow,226023,0,12
25-12-2025,Uttar Pradesh,Lucknow,226024,0,8
25-12-2025,Uttar Pradesh,Lucknow,226029,1,6
25-12-2025,Uttar Pradesh,Lucknow,227107,2,24
25-12-2025,Uttar Pradesh,Lucknow,227309,0,1
27-12-2025,Uttar Pradesh,Lucknow,226009,1,4
27-12-2025,Uttar Pradesh,Lucknow,226011,2,23
27-12-2025,Uttar Pradesh,Lucknow,226031,0,3
27-12-2025,Uttar Pradesh,Lucknow,226302,0,1
27-12-2025,Uttar Pradesh,Lucknow,226401,1,6
27-12-2025,Uttar Pradesh,Lucknow,227105,0,14
27-12-2025,Uttar Pradesh,Lucknow,227116,0,10
26-12-2025,Uttar Pradesh,Lucknow,226002,5,106
26-12-2025,Uttar Pradesh,Lucknow,226010,0,64
26-12-2025,Uttar Pradesh,Lucknow,226011,4,31
26-12-2025,Uttar Pradesh,Lucknow,226019,0,4
26-12-2025,Uttar Pradesh,Lucknow,226023,5,22
26-12-2025,Uttar Pradesh,Lucknow,226030,0,6
26-12-2025,Uttar Pradesh,Lucknow,226102,2,7
26-12-2025,Uttar Pradesh,Lucknow,226202,0,1
26-12-2025,Uttar Pradesh,Lucknow,226501,0,7
26-12-2025,Uttar Pradesh,Lucknow,227105,0,17
26-12-2025,Uttar Pradesh,Lucknow,227309,0,21
18-12-2025,Uttar Pradesh,Lucknow,226013,2,9
18-12-2025,Uttar Pradesh,Lucknow,226020,5,117
18-12-2025,Uttar Pradesh,Lucknow,226022,1,46
18-12-2025,Uttar Pradesh,Lucknow,226024,0,16
18-12-2025,Uttar Pradesh,Lucknow,226025,0,18
18-12-2025,Uttar Pradesh,Lucknow,226026,0,27
18-12-2025,Uttar Pradesh,Lucknow,226028,4,60
18-12-2025,Uttar Pradesh,Lucknow,226031,0,13
18-12-2025,Uttar Pradesh,Lucknow,226201,1,5
18-12-2025,Uttar Pradesh,Lucknow,226203,0,3
18-12-2025,Uttar Pradesh,Lucknow,226401,2,8
18-12-2025,Uttar Pradesh,Lucknow,227309,0,30
19-12-2025,Uttar Pradesh,Lucknow,226004,2,41
19-12-2025,Uttar Pradesh,Lucknow,226006,1,23
19-12-2025,Uttar Pradesh,Lucknow,226008,4,47
19-12-2025,Uttar Pradesh,Lucknow,226015,0,4
19-12-2025,Uttar Pradesh,Lucknow,226018,3,42
19-12-2025,Uttar Pradesh,Lucknow,226025,0,14
19-12-2025,Uttar Pradesh,Lucknow,226028,3,41
19-12-2025,Uttar Pradesh,Lucknow,226102,0,2
19-12-2025,Uttar Pradesh,Lucknow,226201,0,2
19-12-2025,Uttar Pradesh,Lucknow,226501,1,6
19-12-2025,Uttar Pradesh,Lucknow,227125,1,19
19-12-2025,Uttar Pradesh,Lucknow,227305,2,51
20-12-2025,Uttar Pradesh,Lucknow,226005,7,25
20-12-2025,Uttar Pradesh,Lucknow,226008,3,44
20-12-2025,Uttar Pradesh,Lucknow,226011,0,24
20-12-2025,Uttar Pradesh,Lucknow,226015,0,3
20-12-2025,Uttar Pradesh,Lucknow,226021,4,52
20-12-2025,Uttar Pradesh,Lucknow,226023,0,12
20-12-2025,Uttar Pradesh,Lucknow,226026,0,12
20-12-2025,Uttar Pradesh,Lucknow,226101,3,29
20-12-2025,Uttar Pradesh,Lucknow,226102,0,12
20-12-2025,Uttar Pradesh,Lucknow,226201,1,4
20-12-2025,Uttar Pradesh,Lucknow,226302,0,2
20-12-2025,Uttar Pradesh,Lucknow,226501,1,11
20-12-2025,Uttar Pradesh,Lucknow,227105,0,17
20-12-2025,Uttar Pradesh,Lucknow,227202,3,32
20-12-2025,Uttar Pradesh,Lucknow,227309,0,22
21-12-2025,Uttar Pradesh,Lucknow,226003,3,77
21-12-2025,Uttar Pradesh,Lucknow,226011,0,9
21-12-2025,Uttar Pradesh,Lucknow,226024,0,5
21-12-2025,Uttar Pradesh,Lucknow,226025,0,8
21-12-2025,Uttar Pradesh,Lucknow,226031,1,3
21-12-2025,Uttar Pradesh,Lucknow,226301,0,4
22-12-2025,Uttar Pradesh,Lucknow,226010,11,41
22-12-2025,Uttar Pradesh,Lucknow,226017,6,78
22-12-2025,Uttar Pradesh,Lucknow,226018,2,35
22-12-2025,Uttar Pradesh,Lucknow,226021,4,48
22-12-2025,Uttar Pradesh,Lucknow,226024,1,16
22-12-2025,Uttar Pradesh,Lucknow,226026,1,15
22-12-2025,Uttar Pradesh,Lucknow,226031,0,6
22-12-2025,Uttar Pradesh,Lucknow,226102,0,5
22-12-2025,Uttar Pradesh,Lucknow,226401,2,7
22-12-2025,Uttar Pradesh,Lucknow,226501,0,16
22-12-2025,Uttar Pradesh,Lucknow,227111,1,36
22-12-2025,Uttar Pradesh,Lucknow,227115,2,44
22-12-2025,Uttar Pradesh,Lucknow,227205,3,48
13-12-2025,Uttar Pradesh,Lucknow,226013,0,6
13-12-2025,Uttar Pradesh,Lucknow,226101,1,45
13-12-2025,Uttar Pradesh,Lucknow,226202,0,1
13-12-2025,Uttar Pradesh,Lucknow,227101,3,11
13-12-2025,Uttar Pradesh,Lucknow,227111,3,33
13-12-2025,Uttar Pradesh,Lucknow,227202,3,46
13-12-2025,Uttar Pradesh,Lucknow,227305,5,38
14-12-2025,Uttar Pradesh,Lucknow,226003,7,153
14-12-2025,Uttar Pradesh,Lucknow,226004,1,14
14-12-2025,Uttar Pradesh,Lucknow,226011,0,11
14-12-2025,Uttar Pradesh,Lucknow,226019,0,1
14-12-2025,Uttar Pradesh,Lucknow,226023,0,5
14-12-2025,Uttar Pradesh,Lucknow,226026,2,5
14-12-2025,Uttar Pradesh,Lucknow,226028,3,36
14-12-2025,Uttar Pradesh,Lucknow,226031,0,3
14-12-2025,Uttar Pradesh,Lucknow,226203,0,6
14-12-2025,Uttar Pradesh,Lucknow,226301,1,2
14-12-2025,Uttar Pradesh,Lucknow,226501,3,14
14-12-2025,Uttar Pradesh,Lucknow,227105,0,5
14-12-2025,Uttar Pradesh,Lucknow,227115,0,32
14-12-2025,Uttar Pradesh,Lucknow,227205,0,11
14-12-2025,Uttar Pradesh,Lucknow,227305,0,16
14-12-2025,Uttar Pradesh,Lucknow,227308,1,13
14-12-2025,Uttar Pradesh,Lucknow,227309,0,8
01-04-2025,Uttar Pradesh,Lucknow,226016,161,1314
01-05-2025,Uttar Pradesh,Lucknow,226017,139,1488
01-03-2025,Uttar Pradesh,Lucknow,227125,52,1025
01-03-2025,Uttar Pradesh,Lucknow,226002,182,1826
01-03-2025,Uttar Pradesh,Lucknow,227205,85,1317
01-03-2025,Uttar Pradesh,Lucknow,226401,41,254
01-03-2025,Uttar Pradesh,Lucknow,226026,29,388
01-03-2025,Uttar Pradesh,Lucknow,226004,61,650
01-03-2025,Uttar Pradesh,Lucknow,226005,97,782
01-03-2025,Uttar Pradesh,Lucknow,227116,20,568
01-07-2025,Uttar Pradesh,Lucknow,226002,279,2769
01-03-2025,Uttar Pradesh,Lucknow,226024,40,348
02-09-2025,Uttar Pradesh,Lucknow,226002,11,75
02-09-2025,Uttar Pradesh,Lucknow,226004,2,33
02-09-2025,Uttar Pradesh,Lucknow,226006,1,18
02-09-2025,Uttar Pradesh,Lucknow,226007,0,12
02-09-2025,Uttar Pradesh,Lucknow,226011,0,12
02-09-2025,Uttar Pradesh,Lucknow,226014,0,5
02-09-2025,Uttar Pradesh,Lucknow,226021,4,58
02-09-2025,Uttar Pradesh,Lucknow,226031,1,3
02-09-2025,Uttar Pradesh,Lucknow,226302,0,2
02-09-2025,Uttar Pradesh,Lucknow,226303,0,1
02-09-2025,Uttar Pradesh,Lucknow,227105,2,13
02-09-2025,Uttar Pradesh,Lucknow,227207,0,2
01-09-2025,Uttar Pradesh,Lucknow,226015,2,2
01-09-2025,Uttar Pradesh,Lucknow,226202,0,1
01-09-2025,Uttar Pradesh,Lucknow,226401,1,8
01-09-2025,Uttar Pradesh,Lucknow,227308,4,49
03-09-2025,Uttar Pradesh,Lucknow,226004,5,37
03-09-2025,Uttar Pradesh,Lucknow,226011,1,29
03-09-2025,Uttar Pradesh,Lucknow,226014,0,2
03-09-2025,Uttar Pradesh,Lucknow,226017,4,45
03-09-2025,Uttar Pradesh,Lucknow,226021,4,57
03-09-2025,Uttar Pradesh,Lucknow,226030,0,1
03-09-2025,Uttar Pradesh,Lucknow,226201,0,4
03-09-2025,Uttar Pradesh,Lucknow,226301,3,13
03-09-2025,Uttar Pradesh,Lucknow,226401,3,7
03-09-2025,Uttar Pradesh,Lucknow,226501,4,6
03-09-2025,Uttar Pradesh,Lucknow,227101,2,32
03-09-2025,Uttar Pradesh,Lucknow,227116,3,18
03-09-2025,Uttar Pradesh,Lucknow,227308,2,26
05-09-2025,Uttar Pradesh,Lucknow,226006,0,2
05-09-2025,Uttar Pradesh,Lucknow,226009,0,2
05-09-2025,Uttar Pradesh,Lucknow,226020,3,24
05-09-2025,Uttar Pradesh,Lucknow,226021,1,22
05-09-2025,Uttar Pradesh,Lucknow,226030,2,2
05-09-2025,Uttar Pradesh,Lucknow,226101,0,17
05-09-2025,Uttar Pradesh,Lucknow,226102,0,4
05-09-2025,Uttar Pradesh,Lucknow,226301,0,4
05-09-2025,Uttar Pradesh,Lucknow,226401,4,5
05-09-2025,Uttar Pradesh,Lucknow,227101,1,23
05-09-2025,Uttar Pradesh,Lucknow,227305,1,20
04-09-2025,Uttar Pradesh,Lucknow,226003,7,119
04-09-2025,Uttar Pradesh,Lucknow,226005,4,34
04-09-2025,Uttar Pradesh,Lucknow,226014,0,7
04-09-2025,Uttar Pradesh,Lucknow,226019,0,1
04-09-2025,Uttar Pradesh,Lucknow,226020,6,61
04-09-2025,Uttar Pradesh,Lucknow,226021,3,69
04-09-2025,Uttar Pradesh,Lucknow,226029,3,14
04-09-2025,Uttar Pradesh,Lucknow,226101,4,18
04-09-2025,Uttar Pradesh,Lucknow,226104,0,1
04-09-2025,Uttar Pradesh,Lucknow,227105,0,20
04-09-2025,Uttar Pradesh,Lucknow,227205,10,47
04-09-2025,Uttar Pradesh,Lucknow,227309,3,37
07-09-2025,Uttar Pradesh,Lucknow,226002,3,26
07-09-2025,Uttar Pradesh,Lucknow,226008,7,17
07-09-2025,Uttar Pradesh,Lucknow,226011,0,10
07-09-2025,Uttar Pradesh,Lucknow,226012,0,13
07-09-2025,Uttar Pradesh,Lucknow,226013,1,0
07-09-2025,Uttar Pradesh,Lucknow,226015,1,1
07-09-2025,Uttar Pradesh,Lucknow,226019,0,1
07-09-2025,Uttar Pradesh,Lucknow,226030,0,4
07-09-2025,Uttar Pradesh,Lucknow,226031,0,2
07-09-2025,Uttar Pradesh,Lucknow,226301,1,3
07-09-2025,Uttar Pradesh,Lucknow,227107,0,18
07-09-2025,Uttar Pradesh,Lucknow,227116,0,4
06-09-2025,Uttar Pradesh,Lucknow,226013,0,9
06-09-2025,Uttar Pradesh,Lucknow,226022,3,34
06-09-2025,Uttar Pradesh,Lucknow,226025,2,21
06-09-2025,Uttar Pradesh,Lucknow,226029,2,9
06-09-2025,Uttar Pradesh,Lucknow,226030,0,1
06-09-2025,Uttar Pradesh,Lucknow,226031,1,4
06-09-2025,Uttar Pradesh,Lucknow,226102,0,4
06-09-2025,Uttar Pradesh,Lucknow,227105,0,15
06-09-2025,Uttar Pradesh,Lucknow,227115,5,33
06-09-2025,Uttar Pradesh,Lucknow,227116,3,9
06-09-2025,Uttar Pradesh,Lucknow,227205,14,75
08-09-2025,Uttar Pradesh,Lucknow,226001,6,43
08-09-2025,Uttar Pradesh,Lucknow,226009,0,6
08-09-2025,Uttar Pradesh,Lucknow,226012,3,22
08-09-2025,Uttar Pradesh,Lucknow,226015,0,3
08-09-2025,Uttar Pradesh,Lucknow,226029,0,9
08-09-2025,Uttar Pradesh,Lucknow,226030,0,2
08-09-2025,Uttar Pradesh,Lucknow,226203,0,1
08-09-2025,Uttar Pradesh,Lucknow,227125,6,61
10-09-2025,Uttar Pradesh,Lucknow,226008,5,45
10-09-2025,Uttar Pradesh,Lucknow,226010,3,47
10-09-2025,Uttar Pradesh,Lucknow,226011,0,15
10-09-2025,Uttar Pradesh,Lucknow,226014,0,5
10-09-2025,Uttar Pradesh,Lucknow,226023,2,16
10-09-2025,Uttar Pradesh,Lucknow,226024,1,18
10-09-2025,Uttar Pradesh,Lucknow,226028,4,29
10-09-2025,Uttar Pradesh,Lucknow,226104,0,1
10-09-2025,Uttar Pradesh,Lucknow,226203,1,3
10-09-2025,Uttar Pradesh,Lucknow,226301,1,14
10-09-2025,Uttar Pradesh,Lucknow,227111,8,38
10-09-2025,Uttar Pradesh,Lucknow,227205,8,66
09-09-2025,Uttar Pradesh,Lucknow,226021,2,62
09-09-2025,Uttar Pradesh,Lucknow,226022,0,26
09-09-2025,Uttar Pradesh,Lucknow,226030,0,2
09-09-2025,Uttar Pradesh,Lucknow,226102,2,3
09-09-2025,Uttar Pradesh,Lucknow,226401,2,12
09-09-2025,Uttar Pradesh,Lucknow,227105,2,21
09-09-2025,Uttar Pradesh,Lucknow,227125,7,52
09-09-2025,Uttar Pradesh,Lucknow,227205,7,76
09-09-2025,Uttar Pradesh,Lucknow,227309,10,47
11-09-2025,Uttar Pradesh,Lucknow,226009,0,4
11-09-2025,Uttar Pradesh,Lucknow,226010,6,43
11-09-2025,Uttar Pradesh,Lucknow,226014,0,3
11-09-2025,Uttar Pradesh,Lucknow,226016,4,44
11-09-2025,Uttar Pradesh,Lucknow,226017,6,53
11-09-2025,Uttar Pradesh,Lucknow,226018,2,26
11-09-2025,Uttar Pradesh,Lucknow,226203,0,3
11-09-2025,Uttar Pradesh,Lucknow,227116,10,37
11-09-2025,Uttar Pradesh,Lucknow,227202,2,34
12-09-2025,Uttar Pradesh,Lucknow,226006,1,20
12-09-2025,Uttar Pradesh,Lucknow,226012,3,24
12-09-2025,Uttar Pradesh,Lucknow,226015,1,3
12-09-2025,Uttar Pradesh,Lucknow,226019,0,1
12-09-2025,Uttar Pradesh,Lucknow,226022,2,38
12-09-2025,Uttar Pradesh,Lucknow,226030,1,4
12-09-2025,Uttar Pradesh,Lucknow,226301,3,17
13-09-2025,Uttar Pradesh,Lucknow,226013,0,2
13-09-2025,Uttar Pradesh,Lucknow,226014,0,1
13-09-2025,Uttar Pradesh,Lucknow,226015,0,4
13-09-2025,Uttar Pradesh,Lucknow,226016,2,39
13-09-2025,Uttar Pradesh,Lucknow,226028,2,39
13-09-2025,Uttar Pradesh,Lucknow,226302,1,1
13-09-2025,Uttar Pradesh,Lucknow,226401,1,4
13-09-2025,Uttar Pradesh,Lucknow,227111,1,35
13-09-2025,Uttar Pradesh,Lucknow,227202,3,34
13-09-2025,Uttar Pradesh,Lucknow,227309,6,46
14-09-2025,Uttar Pradesh,Lucknow,226006,0,3
14-09-2025,Uttar Pradesh,Lucknow,226012,0,9
14-09-2025,Uttar Pradesh,Lucknow,226017,3,16
14-09-2025,Uttar Pradesh,Lucknow,226029,0,5
14-09-2025,Uttar Pradesh,Lucknow,226501,1,5
14-09-2025,Uttar Pradesh,Lucknow,227107,7,32
14-09-2025,Uttar Pradesh,Lucknow,227309,1,8
15-09-2025,Uttar Pradesh,Lucknow,226009,0,4
15-09-2025,Uttar Pradesh,Lucknow,226010,6,44
15-09-2025,Uttar Pradesh,Lucknow,226011,3,19
15-09-2025,Uttar Pradesh,Lucknow,226014,0,2
15-09-2025,Uttar Pradesh,Lucknow,226016,5,32
15-09-2025,Uttar Pradesh,Lucknow,226018,4,24
15-09-2025,Uttar Pradesh,Lucknow,226030,0,4
15-09-2025,Uttar Pradesh,Lucknow,226101,4,11
15-09-2025,Uttar Pradesh,Lucknow,226102,0,4
16-09-2025,Uttar Pradesh,Lucknow,226003,5,95
16-09-2025,Uttar Pradesh,Lucknow,226011,2,16
16-09-2025,Uttar Pradesh,Lucknow,226022,4,26
16-09-2025,Uttar Pradesh,Lucknow,226102,0,5
17-09-2025,Uttar Pradesh,Lucknow,226001,3,38
17-09-2025,Uttar Pradesh,Lucknow,226013,1,3
17-09-2025,Uttar Pradesh,Lucknow,226017,3,53
17-09-2025,Uttar Pradesh,Lucknow,226021,0,41
17-09-2025,Uttar Pradesh,Lucknow,226023,0,14
17-09-2025,Uttar Pradesh,Lucknow,226024,1,23
17-09-2025,Uttar Pradesh,Lucknow,226301,9,7
17-09-2025,Uttar Pradesh,Lucknow,227105,0,15
17-09-2025,Uttar Pradesh,Lucknow,227202,4,19
17-09-2025,Uttar Pradesh,Lucknow,227305,1,37
19-09-2025,Uttar Pradesh,Lucknow,226001,1,33
19-09-2025,Uttar Pradesh,Lucknow,226005,3,14
19-09-2025,Uttar Pradesh,Lucknow,226007,0,6
19-09-2025,Uttar Pradesh,Lucknow,226008,4,40
19-09-2025,Uttar Pradesh,Lucknow,226030,0,1
19-09-2025,Uttar Pradesh,Lucknow,226302,1,4
19-09-2025,Uttar Pradesh,Lucknow,226401,6,15
19-09-2025,Uttar Pradesh,Lucknow,227205,2,64
18-09-2025,Uttar Pradesh,Lucknow,226005,2,25
18-09-2025,Uttar Pradesh,Lucknow,226010,1,45
18-09-2025,Uttar Pradesh,Lucknow,226020,9,49
18-09-2025,Uttar Pradesh,Lucknow,226024,1,13
18-09-2025,Uttar Pradesh,Lucknow,226028,3,20
18-09-2025,Uttar Pradesh,Lucknow,226029,1,3
18-09-2025,Uttar Pradesh,Lucknow,226201,1,1
18-09-2025,Uttar Pradesh,Lucknow,226302,0,1
18-09-2025,Uttar Pradesh,Lucknow,226501,3,6
18-09-2025,Uttar Pradesh,Lucknow,227105,1,17
18-09-2025,Uttar Pradesh,Lucknow,227107,3,51
18-09-2025,Uttar Pradesh,Lucknow,227202,4,28
18-09-2025,Uttar Pradesh,Lucknow,227205,8,37
20-09-2025,Uttar Pradesh,Lucknow,226003,6,105
20-09-2025,Uttar Pradesh,Lucknow,226006,0,5
20-09-2025,Uttar Pradesh,Lucknow,226008,3,38
20-09-2025,Uttar Pradesh,Lucknow,226012,2,16
20-09-2025,Uttar Pradesh,Lucknow,226013,0,6
20-09-2025,Uttar Pradesh,Lucknow,226015,0,4
20-09-2025,Uttar Pradesh,Lucknow,226017,5,46
20-09-2025,Uttar Pradesh,Lucknow,226031,0,2
20-09-2025,Uttar Pradesh,Lucknow,227305,6,66
13-10-2025,Uttar Pradesh,Lucknow,226001,0,16
13-10-2025,Uttar Pradesh,Lucknow,226002,0,15
13-10-2025,Uttar Pradesh,Lucknow,226010,0,15
13-10-2025,Uttar Pradesh,Lucknow,226012,0,11
13-10-2025,Uttar Pradesh,Lucknow,226301,0,3
13-10-2025,Uttar Pradesh,Lucknow,226401,0,2
13-10-2025,Uttar Pradesh,Lucknow,227308,3,17
15-10-2025,Uttar Pradesh,Lucknow,226018,1,28
15-10-2025,Uttar Pradesh,Lucknow,226019,0,1
15-10-2025,Uttar Pradesh,Lucknow,226029,2,12
15-10-2025,Uttar Pradesh,Lucknow,227125,1,40
15-10-2025,Uttar Pradesh,Lucknow,227202,1,31
16-10-2025,Uttar Pradesh,Lucknow,226002,9,57
16-10-2025,Uttar Pradesh,Lucknow,226017,6,61
16-10-2025,Uttar Pradesh,Lucknow,226021,3,47
16-10-2025,Uttar Pradesh,Lucknow,226024,4,23
16-10-2025,Uttar Pradesh,Lucknow,226031,1,11
16-10-2025,Uttar Pradesh,Lucknow,226101,4,12
16-10-2025,Uttar Pradesh,Lucknow,226501,0,10
26-10-2025,Uttar Pradesh,Lucknow,226001,1,32
26-10-2025,Uttar Pradesh,Lucknow,226004,1,32
26-10-2025,Uttar Pradesh,Lucknow,226010,4,46
26-10-2025,Uttar Pradesh,Lucknow,226012,0,17
26-10-2025,Uttar Pradesh,Lucknow,226101,0,12
26-10-2025,Uttar Pradesh,Lucknow,226102,0,3
26-10-2025,Uttar Pradesh,Lucknow,227116,1,15
26-10-2025,Uttar Pradesh,Lucknow,227202,0,24
26-10-2025,Uttar Pradesh,Lucknow,227207,0,1
21-10-2025,Uttar Pradesh,Lucknow,226014,1,1
21-10-2025,Uttar Pradesh,Lucknow,226301,0,2
21-10-2025,Uttar Pradesh,Lucknow,226501,0,8
21-10-2025,Uttar Pradesh,Lucknow,227205,0,12
20-10-2025,Uttar Pradesh,Lucknow,226001,0,5
20-10-2025,Uttar Pradesh,Lucknow,226003,1,36
20-10-2025,Uttar Pradesh,Lucknow,226004,1,3
20-10-2025,Uttar Pradesh,Lucknow,226010,0,3
20-10-2025,Uttar Pradesh,Lucknow,226011,1,0
20-10-2025,Uttar Pradesh,Lucknow,226016,0,3
20-10-2025,Uttar Pradesh,Lucknow,226026,0,4
20-10-2025,Uttar Pradesh,Lucknow,226031,0,1
20-10-2025,Uttar Pradesh,Lucknow,227107,0,5
20-10-2025,Uttar Pradesh,Lucknow,227125,0,6
20-10-2025,Uttar Pradesh,Lucknow,227309,0,1
17-10-2025,Uttar Pradesh,Lucknow,226003,4,117
17-10-2025,Uttar Pradesh,Lucknow,226004,3,33
17-10-2025,Uttar Pradesh,Lucknow,226005,0,21
17-10-2025,Uttar Pradesh,Lucknow,226007,1,4
17-10-2025,Uttar Pradesh,Lucknow,226008,1,28
17-10-2025,Uttar Pradesh,Lucknow,226019,0,1
17-10-2025,Uttar Pradesh,Lucknow,226022,1,18
17-10-2025,Uttar Pradesh,Lucknow,226025,0,11
17-10-2025,Uttar Pradesh,Lucknow,226026,0,13
17-10-2025,Uttar Pradesh,Lucknow,226102,0,2
17-10-2025,Uttar Pradesh,Lucknow,226201,0,2
17-10-2025,Uttar Pradesh,Lucknow,227101,4,22
18-10-2025,Uttar Pradesh,Lucknow,226005,3,17
18-10-2025,Uttar Pradesh,Lucknow,226007,0,2
18-10-2025,Uttar Pradesh,Lucknow,226010,6,41
18-10-2025,Uttar Pradesh,Lucknow,226026,0,11
18-10-2025,Uttar Pradesh,Lucknow,226031,1,2
18-10-2025,Uttar Pradesh,Lucknow,226102,0,5
18-10-2025,Uttar Pradesh,Lucknow,226201,0,4
18-10-2025,Uttar Pradesh,Lucknow,226302,0,1
18-10-2025,Uttar Pradesh,Lucknow,226501,1,12
18-10-2025,Uttar Pradesh,Lucknow,227107,8,41
18-10-2025,Uttar Pradesh,Lucknow,227202,2,31
18-10-2025,Uttar Pradesh,Lucknow,227308,3,21
18-10-2025,Uttar Pradesh,Lucknow,227309,3,16
19-10-2025,Uttar Pradesh,Lucknow,226002,4,41
19-10-2025,Uttar Pradesh,Lucknow,226004,1,23
19-10-2025,Uttar Pradesh,Lucknow,226006,1,1
19-10-2025,Uttar Pradesh,Lucknow,226008,6,24
19-10-2025,Uttar Pradesh,Lucknow,226015,0,2
19-10-2025,Uttar Pradesh,Lucknow,226020,3,48
19-10-2025,Uttar Pradesh,Lucknow,226021,2,25
19-10-2025,Uttar Pradesh,Lucknow,226203,0,3
19-10-2025,Uttar Pradesh,Lucknow,226401,1,5
19-10-2025,Uttar Pradesh,Lucknow,227101,1,14
19-10-2025,Uttar Pradesh,Lucknow,227309,1,15
22-10-2025,Uttar Pradesh,Lucknow,226017,1,1
24-10-2025,Uttar Pradesh,Lucknow,226017,1,34
24-10-2025,Uttar Pradesh,Lucknow,226020,1,31
24-10-2025,Uttar Pradesh,Lucknow,226023,1,5
24-10-2025,Uttar Pradesh,Lucknow,226024,0,10
24-10-2025,Uttar Pradesh,Lucknow,226026,0,11
24-10-2025,Uttar Pradesh,Lucknow,226028,5,23
24-10-2025,Uttar Pradesh,Lucknow,227115,3,20
24-10-2025,Uttar Pradesh,Lucknow,227305,1,20
24-10-2025,Uttar Pradesh,Lucknow,227308,0,21
23-10-2025,Uttar Pradesh,Lucknow,226007,0,1
23-10-2025,Uttar Pradesh,Lucknow,226012,1,0
23-10-2025,Uttar Pradesh,Lucknow,226016,1,2
23-10-2025,Uttar Pradesh,Lucknow,226022,2,4
23-10-2025,Uttar Pradesh,Lucknow,226030,0,1
23-10-2025,Uttar Pradesh,Lucknow,226031,0,1
23-10-2025,Uttar Pradesh,Lucknow,227111,1,3
25-10-2025,Uttar Pradesh,Lucknow,226006,2,4
25-10-2025,Uttar Pradesh,Lucknow,226011,0,8
25-10-2025,Uttar Pradesh,Lucknow,226021,3,24
25-10-2025,Uttar Pradesh,Lucknow,226024,0,11
25-10-2025,Uttar Pradesh,Lucknow,226101,0,14
25-10-2025,Uttar Pradesh,Lucknow,226401,1,5
25-10-2025,Uttar Pradesh,Lucknow,227107,1,10
25-10-2025,Uttar Pradesh,Lucknow,227115,1,19
25-10-2025,Uttar Pradesh,Lucknow,227202,2,10
27-10-2025,Uttar Pradesh,Lucknow,226012,0,16
27-10-2025,Uttar Pradesh,Lucknow,226014,0,1
27-10-2025,Uttar Pradesh,Lucknow,226020,6,24
27-10-2025,Uttar Pradesh,Lucknow,226024,2,8
27-10-2025,Uttar Pradesh,Lucknow,226026,1,5
27-10-2025,Uttar Pradesh,Lucknow,226301,1,2
27-10-2025,Uttar Pradesh,Lucknow,226302,0,1
27-10-2025,Uttar Pradesh,Lucknow,227101,0,6
27-10-2025,Uttar Pradesh,Lucknow,227107,0,20
28-10-2025,Uttar Pradesh,Lucknow,226007,1,8
28-10-2025,Uttar Pradesh,Lucknow,226021,2,44
28-10-2025,Uttar Pradesh,Lucknow,226101,0,14
28-10-2025,Uttar Pradesh,Lucknow,226102,0,9
28-10-2025,Uttar Pradesh,Lucknow,227207,0,1
28-10-2025,Uttar Pradesh,Lucknow,227309,0,14
03-11-2025,Uttar Pradesh,Lucknow,226203,0,3
05-11-2025,Uttar Pradesh,Lucknow,226103,0,1
05-11-2025,Uttar Pradesh,Lucknow,226201,0,4
06-11-2025,Uttar Pradesh,Lucknow,226202,0,2
09-11-2025,Uttar Pradesh,Lucknow,226009,0,1
11-11-2025,Uttar Pradesh,Lucknow,226019,1,0
11-11-2025,Uttar Pradesh,Lucknow,226203,0,1
12-11-2025,Uttar Pradesh,Lucknow,226104,0,1
17-12-2025,Uttar Pradesh,Lucknow,226016,4,75
17-12-2025,Uttar Pradesh,Lucknow,226017,6,64
17-12-2025,Uttar Pradesh,Lucknow,226025,1,12
17-12-2025,Uttar Pradesh,Lucknow,226026,1,17
17-12-2025,Uttar Pradesh,Lucknow,226028,6,30
17-12-2025,Uttar Pradesh,Lucknow,226031,0,4
17-12-2025,Uttar Pradesh,Lucknow,227115,0,48
17-12-2025,Uttar Pradesh,Lucknow,227305,2,38
17-12-2025,Uttar Pradesh,Lucknow,227308,3,37
17-12-2025,Uttar Pradesh,Lucknow,227309,3,37
09-12-2025,Uttar Pradesh,Lucknow,226005,3,47
09-12-2025,Uttar Pradesh,Lucknow,226012,2,41
09-12-2025,Uttar Pradesh,Lucknow,226016,2,63
09-12-2025,Uttar Pradesh,Lucknow,226019,0,5
09-12-2025,Uttar Pradesh,Lucknow,226025,1,14
09-12-2025,Uttar Pradesh,Lucknow,226026,1,28
09-12-2025,Uttar Pradesh,Lucknow,226031,2,5
09-12-2025,Uttar Pradesh,Lucknow,226101,8,57
09-12-2025,Uttar Pradesh,Lucknow,226302,1,3
09-12-2025,Uttar Pradesh,Lucknow,226401,0,5
09-12-2025,Uttar Pradesh,Lucknow,227202,3,51
09-12-2025,Uttar Pradesh,Lucknow,227207,0,1
09-12-2025,Uttar Pradesh,Lucknow,227308,6,35
10-12-2025,Uttar Pradesh,Lucknow,226002,3,93
10-12-2025,Uttar Pradesh,Lucknow,226004,1,63
10-12-2025,Uttar Pradesh,Lucknow,226020,5,121
10-12-2025,Uttar Pradesh,Lucknow,226025,0,18
10-12-2025,Uttar Pradesh,Lucknow,226026,0,37
10-12-2025,Uttar Pradesh,Lucknow,226302,0,3
10-12-2025,Uttar Pradesh,Lucknow,226401,2,10
10-12-2025,Uttar Pradesh,Lucknow,227101,0,20
10-12-2025,Uttar Pradesh,Lucknow,227205,2,53
11-12-2025,Uttar Pradesh,Lucknow,226001,1,67
11-12-2025,Uttar Pradesh,Lucknow,226010,3,53
11-12-2025,Uttar Pradesh,Lucknow,226015,0,10
11-12-2025,Uttar Pradesh,Lucknow,226019,0,2
11-12-2025,Uttar Pradesh,Lucknow,226022,2,40
11-12-2025,Uttar Pradesh,Lucknow,226028,4,63
11-12-2025,Uttar Pradesh,Lucknow,226101,4,77
11-12-2025,Uttar Pradesh,Lucknow,226203,1,3
11-12-2025,Uttar Pradesh,Lucknow,226501,1,15
11-12-2025,Uttar Pradesh,Lucknow,227101,0,37
11-12-2025,Uttar Pradesh,Lucknow,227107,1,70
11-12-2025,Uttar Pradesh,Lucknow,227115,5,44
15-12-2025,Uttar Pradesh,Lucknow,226001,4,75
15-12-2025,Uttar Pradesh,Lucknow,226002,9,92
15-12-2025,Uttar Pradesh,Lucknow,226012,6,35
15-12-2025,Uttar Pradesh,Lucknow,226020,9,97
15-12-2025,Uttar Pradesh,Lucknow,226023,1,16
15-12-2025,Uttar Pradesh,Lucknow,226029,2,27
15-12-2025,Uttar Pradesh,Lucknow,226031,2,10
15-12-2025,Uttar Pradesh,Lucknow,226203,0,4
15-12-2025,Uttar Pradesh,Lucknow,227111,0,50
15-12-2025,Uttar Pradesh,Lucknow,227115,2,65
15-12-2025,Uttar Pradesh,Lucknow,227207,0,3
15-12-2025,Uttar Pradesh,Lucknow,227305,1,52
16-12-2025,Uttar Pradesh,Lucknow,226009,0,2
16-12-2025,Uttar Pradesh,Lucknow,226013,4,9
16-12-2025,Uttar Pradesh,Lucknow,226014,0,3
16-12-2025,Uttar Pradesh,Lucknow,226016,7,86
16-12-2025,Uttar Pradesh,Lucknow,226019,0,1
16-12-2025,Uttar Pradesh,Lucknow,226302,1,5
16-12-2025,Uttar Pradesh,Lucknow,226501,0,12
08-12-2025,Uttar Pradesh,Lucknow,226005,2,50
08-12-2025,Uttar Pradesh,Lucknow,226006,2,16
08-12-2025,Uttar Pradesh,Lucknow,226010,4,49
08-12-2025,Uttar Pradesh,Lucknow,226011,2,36
08-12-2025,Uttar Pradesh,Lucknow,226012,0,32
08-12-2025,Uttar Pradesh,Lucknow,226016,9,67
08-12-2025,Uttar Pradesh,Lucknow,226018,3,80
08-12-2025,Uttar Pradesh,Lucknow,226022,1,42
08-12-2025,Uttar Pradesh,Lucknow,226030,0,3
08-12-2025,Uttar Pradesh,Lucknow,226031,0,3
08-12-2025,Uttar Pradesh,Lucknow,226101,0,69
08-12-2025,Uttar Pradesh,Lucknow,227125,3,40
12-12-2025,Uttar Pradesh,Lucknow,226010,3,66
12-12-2025,Uttar Pradesh,Lucknow,226014,2,6
12-12-2025,Uttar Pradesh,Lucknow,226018,3,38
12-12-2025,Uttar Pradesh,Lucknow,226022,2,43
12-12-2025,Uttar Pradesh,Lucknow,226029,7,29
12-12-2025,Uttar Pradesh,Lucknow,226102,0,7
12-12-2025,Uttar Pradesh,Lucknow,226201,0,6
12-12-2025,Uttar Pradesh,Lucknow,226401,0,11
12-12-2025,Uttar Pradesh,Lucknow,227105,1,23
12-12-2025,Uttar Pradesh,Lucknow,227202,0,38
12-12-2025,Uttar Pradesh,Lucknow,227205,3,53
12-12-2025,Uttar Pradesh,Lucknow,227308,4,32
03-12-2025,Uttar Pradesh,Lucknow,226003,8,355
03-12-2025,Uttar Pradesh,Lucknow,226006,0,15
03-12-2025,Uttar Pradesh,Lucknow,226011,1,31
03-12-2025,Uttar Pradesh,Lucknow,226017,2,107
03-12-2025,Uttar Pradesh,Lucknow,226018,0,44
03-12-2025,Uttar Pradesh,Lucknow,226022,0,60
03-12-2025,Uttar Pradesh,Lucknow,226029,0,26
03-12-2025,Uttar Pradesh,Lucknow,226203,0,2
03-12-2025,Uttar Pradesh,Lucknow,227107,1,43
03-12-2025,Uttar Pradesh,Lucknow,227308,0,22
04-12-2025,Uttar Pradesh,Lucknow,226002,5,79
04-12-2025,Uttar Pradesh,Lucknow,226009,0,5
04-12-2025,Uttar Pradesh,Lucknow,226011,2,30
04-12-2025,Uttar Pradesh,Lucknow,226012,0,44
04-12-2025,Uttar Pradesh,Lucknow,226013,1,7
04-12-2025,Uttar Pradesh,Lucknow,226021,5,84
04-12-2025,Uttar Pradesh,Lucknow,226024,1,17
04-12-2025,Uttar Pradesh,Lucknow,226029,2,20
04-12-2025,Uttar Pradesh,Lucknow,226303,0,1
04-12-2025,Uttar Pradesh,Lucknow,227101,1,7
04-12-2025,Uttar Pradesh,Lucknow,227202,0,28
04-12-2025,Uttar Pradesh,Lucknow,227205,1,42
04-12-2025,Uttar Pradesh,Lucknow,227308,3,28
05-12-2025,Uttar Pradesh,Lucknow,226001,5,61
05-12-2025,Uttar Pradesh,Lucknow,226004,2,57
05-12-2025,Uttar Pradesh,Lucknow,226020,3,106
05-12-2025,Uttar Pradesh,Lucknow,226022,3,51
05-12-2025,Uttar Pradesh,Lucknow,226028,5,65
05-12-2025,Uttar Pradesh,Lucknow,226029,1,15
05-12-2025,Uttar Pradesh,Lucknow,226031,0,3
05-12-2025,Uttar Pradesh,Lucknow,226301,1,6
05-12-2025,Uttar Pradesh,Lucknow,226501,0,4
05-12-2025,Uttar Pradesh,Lucknow,227305,2,38
07-12-2025,Uttar Pradesh,Lucknow,226001,1,21
07-12-2025,Uttar Pradesh,Lucknow,226005,1,14
07-12-2025,Uttar Pradesh,Lucknow,226006,2,3
07-12-2025,Uttar Pradesh,Lucknow,226007,0,1
07-12-2025,Uttar Pradesh,Lucknow,226019,1,2
07-12-2025,Uttar Pradesh,Lucknow,226021,3,35
07-12-2025,Uttar Pradesh,Lucknow,226022,1,20
07-12-2025,Uttar Pradesh,Lucknow,226025,0,10
07-12-2025,Uttar Pradesh,Lucknow,226030,0,2
07-12-2025,Uttar Pradesh,Lucknow,226031,0,2
07-12-2025,Uttar Pradesh,Lucknow,226201,0,1
07-12-2025,Uttar Pradesh,Lucknow,227202,1,27
06-12-2025,Uttar Pradesh,Lucknow,226002,3,87
06-12-2025,Uttar Pradesh,Lucknow,226004,1,69
06-12-2025,Uttar Pradesh,Lucknow,226006,1,18
06-12-2025,Uttar Pradesh,Lucknow,226011,0,27
06-12-2025,Uttar Pradesh,Lucknow,226016,8,57
06-12-2025,Uttar Pradesh,Lucknow,227101,1,8
06-12-2025,Uttar Pradesh,Lucknow,227105,0,17
06-12-2025,Uttar Pradesh,Lucknow,227115,2,29
06-12-2025,Uttar Pradesh,Lucknow,227116,1,20
06-12-2025,Uttar Pradesh,Lucknow,227309,1,16
09-11-2025,Uttar Pradesh,Lucknow,226005,2,6
09-11-2025,Uttar Pradesh,Lucknow,226007,0,1
09-11-2025,Uttar Pradesh,Lucknow,226010,3,28
09-11-2025,Uttar Pradesh,Lucknow,226013,2,6
09-11-2025,Uttar Pradesh,Lucknow,226014,0,1
09-11-2025,Uttar Pradesh,Lucknow,226016,0,11
09-11-2025,Uttar Pradesh,Lucknow,226017,1,21
09-11-2025,Uttar Pradesh,Lucknow,226018,1,10
09-11-2025,Uttar Pradesh,Lucknow,226203,0,1
09-11-2025,Uttar Pradesh,Lucknow,227308,0,7
08-11-2025,Uttar Pradesh,Lucknow,226001,4,28
08-11-2025,Uttar Pradesh,Lucknow,226011,3,28
08-11-2025,Uttar Pradesh,Lucknow,226020,7,57
08-11-2025,Uttar Pradesh,Lucknow,226021,3,45
08-11-2025,Uttar Pradesh,Lucknow,226024,0,8
08-11-2025,Uttar Pradesh,Lucknow,226031,0,4
08-11-2025,Uttar Pradesh,Lucknow,226201,2,5
08-11-2025,Uttar Pradesh,Lucknow,226301,1,6
08-11-2025,Uttar Pradesh,Lucknow,227101,0,16
08-11-2025,Uttar Pradesh,Lucknow,227111,0,23
08-11-2025,Uttar Pradesh,Lucknow,227115,2,33
08-11-2025,Uttar Pradesh,Lucknow,227202,1,31
08-11-2025,Uttar Pradesh,Lucknow,227308,4,17
07-11-2025,Uttar Pradesh,Lucknow,226001,2,34
07-11-2025,Uttar Pradesh,Lucknow,226003,8,142
07-11-2025,Uttar Pradesh,Lucknow,226004,1,42
07-11-2025,Uttar Pradesh,Lucknow,226006,0,15
07-11-2025,Uttar Pradesh,Lucknow,226009,0,3
07-11-2025,Uttar Pradesh,Lucknow,226016,4,46
07-11-2025,Uttar Pradesh,Lucknow,226028,4,35
07-11-2025,Uttar Pradesh,Lucknow,226030,1,3
07-11-2025,Uttar Pradesh,Lucknow,226301,1,8
04-11-2025,Uttar Pradesh,Lucknow,226002,7,70
04-11-2025,Uttar Pradesh,Lucknow,226004,2,35
04-11-2025,Uttar Pradesh,Lucknow,226011,0,21
04-11-2025,Uttar Pradesh,Lucknow,226013,0,4
04-11-2025,Uttar Pradesh,Lucknow,226018,0,27
04-11-2025,Uttar Pradesh,Lucknow,226019,0,3
04-11-2025,Uttar Pradesh,Lucknow,226020,1,54
04-11-2025,Uttar Pradesh,Lucknow,226301,1,5
04-11-2025,Uttar Pradesh,Lucknow,227101,1,23
04-11-2025,Uttar Pradesh,Lucknow,227107,2,59
06-11-2025,Uttar Pradesh,Lucknow,226001,4,41
06-11-2025,Uttar Pradesh,Lucknow,226010,3,39
06-11-2025,Uttar Pradesh,Lucknow,226011,0,21
06-11-2025,Uttar Pradesh,Lucknow,226017,6,59
06-11-2025,Uttar Pradesh,Lucknow,226019,0,1
06-11-2025,Uttar Pradesh,Lucknow,226203,1,4
06-11-2025,Uttar Pradesh,Lucknow,226302,0,4
06-11-2025,Uttar Pradesh,Lucknow,226501,0,6
06-11-2025,Uttar Pradesh,Lucknow,227105,0,13
06-11-2025,Uttar Pradesh,Lucknow,227125,0,21
06-11-2025,Uttar Pradesh,Lucknow,227205,4,47
05-11-2025,Uttar Pradesh,Lucknow,226003,2,74
05-11-2025,Uttar Pradesh,Lucknow,226004,1,11
05-11-2025,Uttar Pradesh,Lucknow,226017,1,34
05-11-2025,Uttar Pradesh,Lucknow,226031,1,5
05-11-2025,Uttar Pradesh,Lucknow,227125,0,8
05-11-2025,Uttar Pradesh,Lucknow,227305,0,3
10-11-2025,Uttar Pradesh,Lucknow,226007,0,5
10-11-2025,Uttar Pradesh,Lucknow,226016,1,42
10-11-2025,Uttar Pradesh,Lucknow,226022,1,36
10-11-2025,Uttar Pradesh,Lucknow,226023,1,21
10-11-2025,Uttar Pradesh,Lucknow,226029,1,12
10-11-2025,Uttar Pradesh,Lucknow,226201,0,4
10-11-2025,Uttar Pradesh,Lucknow,226302,0,4
10-11-2025,Uttar Pradesh,Lucknow,227116,1,24
10-11-2025,Uttar Pradesh,Lucknow,227205,1,28
11-11-2025,Uttar Pradesh,Lucknow,226003,11,279
11-11-2025,Uttar Pradesh,Lucknow,226004,2,43
11-11-2025,Uttar Pradesh,Lucknow,226009,1,3
11-11-2025,Uttar Pradesh,Lucknow,226013,0,2
11-11-2025,Uttar Pradesh,Lucknow,226022,3,29
11-11-2025,Uttar Pradesh,Lucknow,226024,1,12
11-11-2025,Uttar Pradesh,Lucknow,226025,0,16
11-11-2025,Uttar Pradesh,Lucknow,226302,0,3
11-11-2025,Uttar Pradesh,Lucknow,227125,1,27
11-11-2025,Uttar Pradesh,Lucknow,227202,1,31
11-11-2025,Uttar Pradesh,Lucknow,227305,2,57
18-11-2025,Uttar Pradesh,Lucknow,226017,3,76
18-11-2025,Uttar Pradesh,Lucknow,226026,0,18
18-11-2025,Uttar Pradesh,Lucknow,226101,1,22
18-11-2025,Uttar Pradesh,Lucknow,226302,0,1
18-11-2025,Uttar Pradesh,Lucknow,226401,1,5
18-11-2025,Uttar Pradesh,Lucknow,226501,0,4
18-11-2025,Uttar Pradesh,Lucknow,227101,0,21
18-11-2025,Uttar Pradesh,Lucknow,227105,1,19
18-11-2025,Uttar Pradesh,Lucknow,227115,4,65
19-11-2025,Uttar Pradesh,Lucknow,226002,5,90
19-11-2025,Uttar Pradesh,Lucknow,226006,0,16
19-11-2025,Uttar Pradesh,Lucknow,226008,1,40
19-11-2025,Uttar Pradesh,Lucknow,226014,0,3
19-11-2025,Uttar Pradesh,Lucknow,226016,4,72
19-11-2025,Uttar Pradesh,Lucknow,226017,3,131
19-11-2025,Uttar Pradesh,Lucknow,226021,4,70
19-11-2025,Uttar Pradesh,Lucknow,226401,0,8
19-11-2025,Uttar Pradesh,Lucknow,226501,1,6
19-11-2025,Uttar Pradesh,Lucknow,227111,2,50
03-11-2025,Uttar Pradesh,Lucknow,226005,2,29
03-11-2025,Uttar Pradesh,Lucknow,226008,1,31
03-11-2025,Uttar Pradesh,Lucknow,226015,0,4
03-11-2025,Uttar Pradesh,Lucknow,226017,4,59
03-11-2025,Uttar Pradesh,Lucknow,226020,6,49
03-11-2025,Uttar Pradesh,Lucknow,226021,2,46
03-11-2025,Uttar Pradesh,Lucknow,226022,1,25
03-11-2025,Uttar Pradesh,Lucknow,226029,0,11
03-11-2025,Uttar Pradesh,Lucknow,227116,1,13
03-11-2025,Uttar Pradesh,Lucknow,227309,0,15
02-11-2025,Uttar Pradesh,Lucknow,226006,0,1
02-11-2025,Uttar Pradesh,Lucknow,226018,0,4
02-11-2025,Uttar Pradesh,Lucknow,226101,1,13
02-11-2025,Uttar Pradesh,Lucknow,227115,0,14
02-11-2025,Uttar Pradesh,Lucknow,227305,0,3
02-11-2025,Uttar Pradesh,Lucknow,227309,1,10
31-10-2025,Uttar Pradesh,Lucknow,226016,5,47
31-10-2025,Uttar Pradesh,Lucknow,226301,0,8
31-10-2025,Uttar Pradesh,Lucknow,226401,0,4
31-10-2025,Uttar Pradesh,Lucknow,227125,2,27
31-10-2025,Uttar Pradesh,Lucknow,227309,1,9
30-10-2025,Uttar Pradesh,Lucknow,226003,8,66
30-10-2025,Uttar Pradesh,Lucknow,226007,1,2
30-10-2025,Uttar Pradesh,Lucknow,226011,0,12
30-10-2025,Uttar Pradesh,Lucknow,226012,0,26
30-10-2025,Uttar Pradesh,Lucknow,226017,1,16
30-10-2025,Uttar Pradesh,Lucknow,226028,4,30
30-10-2025,Uttar Pradesh,Lucknow,226031,0,2
30-10-2025,Uttar Pradesh,Lucknow,226203,1,2
30-10-2025,Uttar Pradesh,Lucknow,226301,0,3
30-10-2025,Uttar Pradesh,Lucknow,227107,0,31
30-10-2025,Uttar Pradesh,Lucknow,227202,1,13
30-10-2025,Uttar Pradesh,Lucknow,227205,1,52
30-10-2025,Uttar Pradesh,Lucknow,227309,0,5
22-11-2025,Uttar Pradesh,Lucknow,226001,2,64
22-11-2025,Uttar Pradesh,Lucknow,226014,0,2
22-11-2025,Uttar Pradesh,Lucknow,226016,5,50
22-11-2025,Uttar Pradesh,Lucknow,226022,1,28
22-11-2025,Uttar Pradesh,Lucknow,226301,0,3
22-11-2025,Uttar Pradesh,Lucknow,226302,0,1
22-11-2025,Uttar Pradesh,Lucknow,226401,1,4
22-11-2025,Uttar Pradesh,Lucknow,227125,1,20
23-11-2025,Uttar Pradesh,Lucknow,226001,2,37
23-11-2025,Uttar Pradesh,Lucknow,226004,1,5
23-11-2025,Uttar Pradesh,Lucknow,226008,4,21
23-11-2025,Uttar Pradesh,Lucknow,226016,2,29
23-11-2025,Uttar Pradesh,Lucknow,226024,0,3
23-11-2025,Uttar Pradesh,Lucknow,226028,6,22
23-11-2025,Uttar Pradesh,Lucknow,226029,1,15
23-11-2025,Uttar Pradesh,Lucknow,226030,0,4
23-11-2025,Uttar Pradesh,Lucknow,226101,1,19
23-11-2025,Uttar Pradesh,Lucknow,226203,0,2
23-11-2025,Uttar Pradesh,Lucknow,226301,0,2
23-11-2025,Uttar Pradesh,Lucknow,226302,0,1
23-11-2025,Uttar Pradesh,Lucknow,227115,0,10
24-11-2025,Uttar Pradesh,Lucknow,226002,9,67
24-11-2025,Uttar Pradesh,Lucknow,226021,1,60
24-11-2025,Uttar Pradesh,Lucknow,226029,2,14
24-11-2025,Uttar Pradesh,Lucknow,226101,2,44
24-11-2025,Uttar Pradesh,Lucknow,226201,0,4
24-11-2025,Uttar Pradesh,Lucknow,226501,3,9
24-11-2025,Uttar Pradesh,Lucknow,227105,3,16
24-11-2025,Uttar Pradesh,Lucknow,227115,1,43
24-11-2025,Uttar Pradesh,Lucknow,227308,2,18
25-11-2025,Uttar Pradesh,Lucknow,226005,4,33
25-11-2025,Uttar Pradesh,Lucknow,226021,6,79
25-11-2025,Uttar Pradesh,Lucknow,226026,1,15
25-11-2025,Uttar Pradesh,Lucknow,226028,5,51
25-11-2025,Uttar Pradesh,Lucknow,227115,3,37
25-11-2025,Uttar Pradesh,Lucknow,227202,0,22
26-11-2025,Uttar Pradesh,Lucknow,226007,0,17
26-11-2025,Uttar Pradesh,Lucknow,226011,0,21
26-11-2025,Uttar Pradesh,Lucknow,226301,0,8
26-11-2025,Uttar Pradesh,Lucknow,226401,3,12
26-11-2025,Uttar Pradesh,Lucknow,227105,0,13
01-12-2025,Uttar Pradesh,Lucknow,226001,0,65
01-12-2025,Uttar Pradesh,Lucknow,226003,7,501
01-12-2025,Uttar Pradesh,Lucknow,226006,0,15
01-12-2025,Uttar Pradesh,Lucknow,226007,0,2
01-12-2025,Uttar Pradesh,Lucknow,226016,6,90
01-12-2025,Uttar Pradesh,Lucknow,226019,0,1
01-12-2025,Uttar Pradesh,Lucknow,226025,2,18
01-12-2025,Uttar Pradesh,Lucknow,226026,7,33
13-11-2025,Uttar Pradesh,Lucknow,226003,10,220
13-11-2025,Uttar Pradesh,Lucknow,226004,2,51
13-11-2025,Uttar Pradesh,Lucknow,226007,0,8
13-11-2025,Uttar Pradesh,Lucknow,226011,1,23
13-11-2025,Uttar Pradesh,Lucknow,226012,2,16
13-11-2025,Uttar Pradesh,Lucknow,226018,5,38
13-11-2025,Uttar Pradesh,Lucknow,226030,0,6
13-11-2025,Uttar Pradesh,Lucknow,226302,0,4
13-11-2025,Uttar Pradesh,Lucknow,227105,2,16
13-11-2025,Uttar Pradesh,Lucknow,227125,2,44
13-11-2025,Uttar Pradesh,Lucknow,227309,0,14
14-11-2025,Uttar Pradesh,Lucknow,226007,3,10
14-11-2025,Uttar Pradesh,Lucknow,226011,2,19
14-11-2025,Uttar Pradesh,Lucknow,226019,0,2
14-11-2025,Uttar Pradesh,Lucknow,226021,0,49
14-11-2025,Uttar Pradesh,Lucknow,226022,2,43
14-11-2025,Uttar Pradesh,Lucknow,226030,0,1
14-11-2025,Uttar Pradesh,Lucknow,226101,1,24
14-11-2025,Uttar Pradesh,Lucknow,226301,0,8
14-11-2025,Uttar Pradesh,Lucknow,227308,0,10
20-11-2025,Uttar Pradesh,Lucknow,226002,5,74
20-11-2025,Uttar Pradesh,Lucknow,226013,0,7
20-11-2025,Uttar Pradesh,Lucknow,226021,3,86
20-11-2025,Uttar Pradesh,Lucknow,226022,0,37
20-11-2025,Uttar Pradesh,Lucknow,226023,4,16
20-11-2025,Uttar Pradesh,Lucknow,226028,2,54
20-11-2025,Uttar Pradesh,Lucknow,226029,3,19
20-11-2025,Uttar Pradesh,Lucknow,226303,0,1
20-11-2025,Uttar Pradesh,Lucknow,227105,1,19
20-11-2025,Uttar Pradesh,Lucknow,227125,0,51
20-11-2025,Uttar Pradesh,Lucknow,227305,1,61
01-11-2025,Uttar Pradesh,Lucknow,226004,5,32
01-11-2025,Uttar Pradesh,Lucknow,226009,0,1
01-11-2025,Uttar Pradesh,Lucknow,226012,4,27
01-11-2025,Uttar Pradesh,Lucknow,226014,0,1
01-11-2025,Uttar Pradesh,Lucknow,226101,2,23
01-11-2025,Uttar Pradesh,Lucknow,226203,0,1
01-11-2025,Uttar Pradesh,Lucknow,227115,3,48
01-11-2025,Uttar Pradesh,Lucknow,227202,1,39
01-11-2025,Uttar Pradesh,Lucknow,227305,1,40
12-11-2025,Uttar Pradesh,Lucknow,226002,5,74
12-11-2025,Uttar Pradesh,Lucknow,226005,3,42
12-11-2025,Uttar Pradesh,Lucknow,226010,5,58
12-11-2025,Uttar Pradesh,Lucknow,226011,5,20
12-11-2025,Uttar Pradesh,Lucknow,226019,0,3
12-11-2025,Uttar Pradesh,Lucknow,226028,4,41
12-11-2025,Uttar Pradesh,Lucknow,226031,2,4
12-11-2025,Uttar Pradesh,Lucknow,226101,4,42
12-11-2025,Uttar Pradesh,Lucknow,226401,1,9
12-11-2025,Uttar Pradesh,Lucknow,227105,0,11
12-11-2025,Uttar Pradesh,Lucknow,227107,4,49
12-11-2025,Uttar Pradesh,Lucknow,227205,1,25
12-11-2025,Uttar Pradesh,Lucknow,227308,0,17
16-11-2025,Uttar Pradesh,Lucknow,226004,0,6
16-11-2025,Uttar Pradesh,Lucknow,226009,0,1
16-11-2025,Uttar Pradesh,Lucknow,226011,0,5
16-11-2025,Uttar Pradesh,Lucknow,226014,0,5
16-11-2025,Uttar Pradesh,Lucknow,226015,0,3
16-11-2025,Uttar Pradesh,Lucknow,226016,0,12
16-11-2025,Uttar Pradesh,Lucknow,226020,1,34
16-11-2025,Uttar Pradesh,Lucknow,226021,0,11
16-11-2025,Uttar Pradesh,Lucknow,226024,0,1
16-11-2025,Uttar Pradesh,Lucknow,226028,4,19
16-11-2025,Uttar Pradesh,Lucknow,226031,0,2
16-11-2025,Uttar Pradesh,Lucknow,226301,0,2
16-11-2025,Uttar Pradesh,Lucknow,226501,1,16
16-11-2025,Uttar Pradesh,Lucknow,227111,2,6
16-11-2025,Uttar Pradesh,Lucknow,227125,0,10
15-11-2025,Uttar Pradesh,Lucknow,226008,3,42
15-11-2025,Uttar Pradesh,Lucknow,226009,0,6
15-11-2025,Uttar Pradesh,Lucknow,226014,0,5
15-11-2025,Uttar Pradesh,Lucknow,226015,1,7
15-11-2025,Uttar Pradesh,Lucknow,226016,4,50
15-11-2025,Uttar Pradesh,Lucknow,226018,1,45
15-11-2025,Uttar Pradesh,Lucknow,226020,3,82
15-11-2025,Uttar Pradesh,Lucknow,226024,1,15
15-11-2025,Uttar Pradesh,Lucknow,226102,0,3
15-11-2025,Uttar Pradesh,Lucknow,226401,1,10
15-11-2025,Uttar Pradesh,Lucknow,227116,1,28
15-11-2025,Uttar Pradesh,Lucknow,227125,0,26
15-11-2025,Uttar Pradesh,Lucknow,227202,4,27
15-11-2025,Uttar Pradesh,Lucknow,227205,4,27
17-11-2025,Uttar Pradesh,Lucknow,226020,4,106
17-11-2025,Uttar Pradesh,Lucknow,226201,0,5
17-11-2025,Uttar Pradesh,Lucknow,226501,0,7
17-11-2025,Uttar Pradesh,Lucknow,227101,3,29
17-11-2025,Uttar Pradesh,Lucknow,227132,0,1
17-11-2025,Uttar Pradesh,Lucknow,227202,1,33
17-11-2025,Uttar Pradesh,Lucknow,227205,1,24
17-11-2025,Uttar Pradesh,Lucknow,227308,0,31
21-11-2025,Uttar Pradesh,Lucknow,226003,7,286
21-11-2025,Uttar Pradesh,Lucknow,226011,1,20
21-11-2025,Uttar Pradesh,Lucknow,226021,4,64
21-11-2025,Uttar Pradesh,Lucknow,226022,2,52
21-11-2025,Uttar Pradesh,Lucknow,226023,3,15
21-11-2025,Uttar Pradesh,Lucknow,226103,0,1
21-11-2025,Uttar Pradesh,Lucknow,226201,0,4
21-11-2025,Uttar Pradesh,Lucknow,226202,0,2
21-11-2025,Uttar Pradesh,Lucknow,227205,0,33
29-10-2025,Uttar Pradesh,Lucknow,226001,1,33
29-10-2025,Uttar Pradesh,Lucknow,226012,3,27
29-10-2025,Uttar Pradesh,Lucknow,226017,6,43
29-10-2025,Uttar Pradesh,Lucknow,226020,6,45
29-10-2025,Uttar Pradesh,Lucknow,226023,3,18
29-10-2025,Uttar Pradesh,Lucknow,227101,0,13
27-11-2025,Uttar Pradesh,Lucknow,226004,2,90
27-11-2025,Uttar Pradesh,Lucknow,226011,1,19
27-11-2025,Uttar Pradesh,Lucknow,226012,0,32
27-11-2025,Uttar Pradesh,Lucknow,226018,3,52
27-11-2025,Uttar Pradesh,Lucknow,226021,3,79
27-11-2025,Uttar Pradesh,Lucknow,226028,5,60
27-11-2025,Uttar Pradesh,Lucknow,226102,0,10
27-11-2025,Uttar Pradesh,Lucknow,227107,3,82
27-11-2025,Uttar Pradesh,Lucknow,227125,0,38
27-11-2025,Uttar Pradesh,Lucknow,227202,0,35
02-12-2025,Uttar Pradesh,Lucknow,226001,3,58
02-12-2025,Uttar Pradesh,Lucknow,226005,2,53
02-12-2025,Uttar Pradesh,Lucknow,226018,2,45
02-12-2025,Uttar Pradesh,Lucknow,226024,1,28
02-12-2025,Uttar Pradesh,Lucknow,226030,0,2
02-12-2025,Uttar Pradesh,Lucknow,226031,1,7
02-12-2025,Uttar Pradesh,Lucknow,226302,0,1
02-12-2025,Uttar Pradesh,Lucknow,226501,0,6
02-12-2025,Uttar Pradesh,Lucknow,227132,0,2
02-12-2025,Uttar Pradesh,Lucknow,227205,3,33
02-12-2025,Uttar Pradesh,Lucknow,227308,1,27
29-11-2025,Uttar Pradesh,Lucknow,226003,10,407
29-11-2025,Uttar Pradesh,Lucknow,226004,2,54
29-11-2025,Uttar Pradesh,Lucknow,226005,2,34
29-11-2025,Uttar Pradesh,Lucknow,226023,2,26
29-11-2025,Uttar Pradesh,Lucknow,226024,0,16
29-11-2025,Uttar Pradesh,Lucknow,226029,1,21
29-11-2025,Uttar Pradesh,Lucknow,226102,1,4
29-11-2025,Uttar Pradesh,Lucknow,226401,0,11
28-11-2025,Uttar Pradesh,Lucknow,226002,3,83
28-11-2025,Uttar Pradesh,Lucknow,226006,0,20
28-11-2025,Uttar Pradesh,Lucknow,226015,0,10
28-11-2025,Uttar Pradesh,Lucknow,226025,1,26
28-11-2025,Uttar Pradesh,Lucknow,226030,0,2
28-11-2025,Uttar Pradesh,Lucknow,226102,0,4
28-11-2025,Uttar Pradesh,Lucknow,226501,1,8
28-11-2025,Uttar Pradesh,Lucknow,227101,0,21
28-11-2025,Uttar Pradesh,Lucknow,227107,2,90
28-11-2025,Uttar Pradesh,Lucknow,227125,1,30
30-11-2025,Uttar Pradesh,Lucknow,226002,6,44
30-11-2025,Uttar Pradesh,Lucknow,226006,0,5
30-11-2025,Uttar Pradesh,Lucknow,226013,0,1
30-11-2025,Uttar Pradesh,Lucknow,226017,0,56
30-11-2025,Uttar Pradesh,Lucknow,226019,0,1
30-11-2025,Uttar Pradesh,Lucknow,226025,0,4
30-11-2025,Uttar Pradesh,Lucknow,226026,2,14
30-11-2025,Uttar Pradesh,Lucknow,226030,0,2
30-11-2025,Uttar Pradesh,Lucknow,226031,2,11
30-11-2025,Uttar Pradesh,Lucknow,226302,0,1
30-11-2025,Uttar Pradesh,Lucknow,226401,0,6
30-11-2025,Uttar Pradesh,Lucknow,227115,0,18
30-11-2025,Uttar Pradesh,Lucknow,227202,0,15
01-03-2025,Uttar Pradesh,Lucknow,226501,24,232
01-03-2025,Uttar Pradesh,Lucknow,226017,160,1375
01-04-2025,Uttar Pradesh,Lucknow,226003,314,3507
01-03-2025,Uttar Pradesh,Lucknow,227305,56,2066
01-03-2025,Uttar Pradesh,Lucknow,226028,114,1017
01-03-2025,Uttar Pradesh,Lucknow,227308,33,826
01-03-2025,Uttar Pradesh,Lucknow,226003,258,2695
01-03-2025,Uttar Pradesh,Lucknow,226031,18,104
01-03-2025,Uttar Pradesh,Lucknow,226015,14,122
01-03-2025,Uttar Pradesh,Lucknow,226016,134,1224
01-09-2025,Uttar Pradesh,Lucknow,226001,5,47
01-09-2025,Uttar Pradesh,Lucknow,226003,7,107
01-09-2025,Uttar Pradesh,Lucknow,226005,5,43
01-09-2025,Uttar Pradesh,Lucknow,226009,1,9
01-09-2025,Uttar Pradesh,Lucknow,226018,1,15
01-09-2025,Uttar Pradesh,Lucknow,226021,2,55
01-09-2025,Uttar Pradesh,Lucknow,226023,1,20
01-09-2025,Uttar Pradesh,Lucknow,226025,0,12
01-09-2025,Uttar Pradesh,Lucknow,226031,0,4
01-09-2025,Uttar Pradesh,Lucknow,226201,0,5
01-09-2025,Uttar Pradesh,Lucknow,227111,6,40
01-09-2025,Uttar Pradesh,Lucknow,227115,15,70
02-09-2025,Uttar Pradesh,Lucknow,226009,0,3
02-09-2025,Uttar Pradesh,Lucknow,226010,7,57
02-09-2025,Uttar Pradesh,Lucknow,226018,1,30
02-09-2025,Uttar Pradesh,Lucknow,226022,2,31
02-09-2025,Uttar Pradesh,Lucknow,226023,2,26
02-09-2025,Uttar Pradesh,Lucknow,226028,0,32
02-09-2025,Uttar Pradesh,Lucknow,226101,4,17
02-09-2025,Uttar Pradesh,Lucknow,226102,2,11
02-09-2025,Uttar Pradesh,Lucknow,226104,0,1
02-09-2025,Uttar Pradesh,Lucknow,226203,0,1
02-09-2025,Uttar Pradesh,Lucknow,227101,2,29
02-09-2025,Uttar Pradesh,Lucknow,227111,6,61
02-09-2025,Uttar Pradesh,Lucknow,227116,7,22
02-09-2025,Uttar Pradesh,Lucknow,227309,3,28
03-09-2025,Uttar Pradesh,Lucknow,226013,0,4
03-09-2025,Uttar Pradesh,Lucknow,226022,0,30
03-09-2025,Uttar Pradesh,Lucknow,226025,1,13
03-09-2025,Uttar Pradesh,Lucknow,226028,4,34
03-09-2025,Uttar Pradesh,Lucknow,226029,0,11
03-09-2025,Uttar Pradesh,Lucknow,226302,0,6
05-09-2025,Uttar Pradesh,Lucknow,226003,4,44
05-09-2025,Uttar Pradesh,Lucknow,226015,0,5
05-09-2025,Uttar Pradesh,Lucknow,226019,0,1
05-09-2025,Uttar Pradesh,Lucknow,226024,0,4
05-09-2025,Uttar Pradesh,Lucknow,226025,3,10
05-09-2025,Uttar Pradesh,Lucknow,226501,0,1
05-09-2025,Uttar Pradesh,Lucknow,227105,1,7
05-09-2025,Uttar Pradesh,Lucknow,227202,4,29
04-09-2025,Uttar Pradesh,Lucknow,226009,0,4
04-09-2025,Uttar Pradesh,Lucknow,226013,1,6
04-09-2025,Uttar Pradesh,Lucknow,226023,1,9
04-09-2025,Uttar Pradesh,Lucknow,226031,0,4
04-09-2025,Uttar Pradesh,Lucknow,226201,2,3
04-09-2025,Uttar Pradesh,Lucknow,227115,11,73
04-09-2025,Uttar Pradesh,Lucknow,227116,2,21
04-09-2025,Uttar Pradesh,Lucknow,227207,0,1
07-09-2025,Uttar Pradesh,Lucknow,226003,9,47
07-09-2025,Uttar Pradesh,Lucknow,226018,1,12
07-09-2025,Uttar Pradesh,Lucknow,226024,1,1
07-09-2025,Uttar Pradesh,Lucknow,226028,2,9
07-09-2025,Uttar Pradesh,Lucknow,226401,1,6
07-09-2025,Uttar Pradesh,Lucknow,227111,4,10
07-09-2025,Uttar Pradesh,Lucknow,227115,2,8
06-09-2025,Uttar Pradesh,Lucknow,226006,0,7
06-09-2025,Uttar Pradesh,Lucknow,226008,10,33
06-09-2025,Uttar Pradesh,Lucknow,226010,2,34
06-09-2025,Uttar Pradesh,Lucknow,226016,4,51
06-09-2025,Uttar Pradesh,Lucknow,226018,2,18
06-09-2025,Uttar Pradesh,Lucknow,226021,3,57
06-09-2025,Uttar Pradesh,Lucknow,226401,1,13
06-09-2025,Uttar Pradesh,Lucknow,227101,4,28
06-09-2025,Uttar Pradesh,Lucknow,227111,9,52
06-09-2025,Uttar Pradesh,Lucknow,227308,7,31
09-09-2025,Uttar Pradesh,Lucknow,226006,2,15
09-09-2025,Uttar Pradesh,Lucknow,226015,0,6
09-09-2025,Uttar Pradesh,Lucknow,226016,5,50
09-09-2025,Uttar Pradesh,Lucknow,226017,1,71
09-09-2025,Uttar Pradesh,Lucknow,226201,0,4
09-09-2025,Uttar Pradesh,Lucknow,227101,7,21
09-09-2025,Uttar Pradesh,Lucknow,227305,10,109
08-09-2025,Uttar Pradesh,Lucknow,226002,9,60
08-09-2025,Uttar Pradesh,Lucknow,226004,2,22
08-09-2025,Uttar Pradesh,Lucknow,226005,2,39
08-09-2025,Uttar Pradesh,Lucknow,226017,8,57
08-09-2025,Uttar Pradesh,Lucknow,226301,2,9
08-09-2025,Uttar Pradesh,Lucknow,226302,0,7
08-09-2025,Uttar Pradesh,Lucknow,227107,7,83
08-09-2025,Uttar Pradesh,Lucknow,227111,3,45
08-09-2025,Uttar Pradesh,Lucknow,227116,4,18
08-09-2025,Uttar Pradesh,Lucknow,227202,4,36
08-09-2025,Uttar Pradesh,Lucknow,227205,9,93
08-09-2025,Uttar Pradesh,Lucknow,227207,0,1
08-09-2025,Uttar Pradesh,Lucknow,227305,3,75
10-09-2025,Uttar Pradesh,Lucknow,226015,1,7
10-09-2025,Uttar Pradesh,Lucknow,226016,11,49
10-09-2025,Uttar Pradesh,Lucknow,226029,1,16
10-09-2025,Uttar Pradesh,Lucknow,226031,2,6
10-09-2025,Uttar Pradesh,Lucknow,227125,7,47
10-09-2025,Uttar Pradesh,Lucknow,227308,7,46
11-09-2025,Uttar Pradesh,Lucknow,226006,0,15
11-09-2025,Uttar Pradesh,Lucknow,226007,0,5
11-09-2025,Uttar Pradesh,Lucknow,226012,2,25
11-09-2025,Uttar Pradesh,Lucknow,226021,5,59
11-09-2025,Uttar Pradesh,Lucknow,226023,1,23
11-09-2025,Uttar Pradesh,Lucknow,226026,2,11
11-09-2025,Uttar Pradesh,Lucknow,226102,2,3
11-09-2025,Uttar Pradesh,Lucknow,226401,1,5
11-09-2025,Uttar Pradesh,Lucknow,226501,1,9
11-09-2025,Uttar Pradesh,Lucknow,227105,2,15
12-09-2025,Uttar Pradesh,Lucknow,226007,0,5
12-09-2025,Uttar Pradesh,Lucknow,226016,2,43
12-09-2025,Uttar Pradesh,Lucknow,226023,1,19
12-09-2025,Uttar Pradesh,Lucknow,226203,2,4
12-09-2025,Uttar Pradesh,Lucknow,227115,3,49
12-09-2025,Uttar Pradesh,Lucknow,227202,7,31
13-09-2025,Uttar Pradesh,Lucknow,226004,0,31
13-09-2025,Uttar Pradesh,Lucknow,226007,0,5
13-09-2025,Uttar Pradesh,Lucknow,226010,2,34
13-09-2025,Uttar Pradesh,Lucknow,226022,1,23
13-09-2025,Uttar Pradesh,Lucknow,226029,2,10
13-09-2025,Uttar Pradesh,Lucknow,226102,2,8
13-09-2025,Uttar Pradesh,Lucknow,226202,0,2
13-09-2025,Uttar Pradesh,Lucknow,226203,0,2
13-09-2025,Uttar Pradesh,Lucknow,227107,4,68
15-09-2025,Uttar Pradesh,Lucknow,226004,2,31
15-09-2025,Uttar Pradesh,Lucknow,226006,0,15
15-09-2025,Uttar Pradesh,Lucknow,226020,3,69
15-09-2025,Uttar Pradesh,Lucknow,226021,6,43
15-09-2025,Uttar Pradesh,Lucknow,226023,3,10
15-09-2025,Uttar Pradesh,Lucknow,226202,0,1
15-09-2025,Uttar Pradesh,Lucknow,226301,2,10
15-09-2025,Uttar Pradesh,Lucknow,226302,0,5
15-09-2025,Uttar Pradesh,Lucknow,227101,0,17
15-09-2025,Uttar Pradesh,Lucknow,227309,5,36
14-09-2025,Uttar Pradesh,Lucknow,226007,0,1
14-09-2025,Uttar Pradesh,Lucknow,226011,0,6
14-09-2025,Uttar Pradesh,Lucknow,226013,0,2
14-09-2025,Uttar Pradesh,Lucknow,226014,0,1
14-09-2025,Uttar Pradesh,Lucknow,226021,3,16
14-09-2025,Uttar Pradesh,Lucknow,226022,1,10
14-09-2025,Uttar Pradesh,Lucknow,227202,0,22
14-09-2025,Uttar Pradesh,Lucknow,227308,1,17
16-09-2025,Uttar Pradesh,Lucknow,226002,8,81
16-09-2025,Uttar Pradesh,Lucknow,226010,3,42
16-09-2025,Uttar Pradesh,Lucknow,226019,0,2
16-09-2025,Uttar Pradesh,Lucknow,226021,2,44
16-09-2025,Uttar Pradesh,Lucknow,226031,0,5
16-09-2025,Uttar Pradesh,Lucknow,226101,1,16
16-09-2025,Uttar Pradesh,Lucknow,227115,10,62
16-09-2025,Uttar Pradesh,Lucknow,227125,1,44
16-09-2025,Uttar Pradesh,Lucknow,227205,3,43
18-09-2025,Uttar Pradesh,Lucknow,226001,2,31
18-09-2025,Uttar Pradesh,Lucknow,226004,5,27
18-09-2025,Uttar Pradesh,Lucknow,226009,1,0
18-09-2025,Uttar Pradesh,Lucknow,226013,0,3
18-09-2025,Uttar Pradesh,Lucknow,226014,0,2
18-09-2025,Uttar Pradesh,Lucknow,226015,1,4
18-09-2025,Uttar Pradesh,Lucknow,226017,7,28
18-09-2025,Uttar Pradesh,Lucknow,226019,1,0
18-09-2025,Uttar Pradesh,Lucknow,226023,4,17
18-09-2025,Uttar Pradesh,Lucknow,226031,0,3
18-09-2025,Uttar Pradesh,Lucknow,226202,0,1
18-09-2025,Uttar Pradesh,Lucknow,226301,2,4
18-09-2025,Uttar Pradesh,Lucknow,227111,3,39
18-09-2025,Uttar Pradesh,Lucknow,227125,4,27
18-09-2025,Uttar Pradesh,Lucknow,227305,4,72
17-09-2025,Uttar Pradesh,Lucknow,226002,14,47
17-09-2025,Uttar Pradesh,Lucknow,226005,3,24
17-09-2025,Uttar Pradesh,Lucknow,226007,1,8
17-09-2025,Uttar Pradesh,Lucknow,226022,1,20
17-09-2025,Uttar Pradesh,Lucknow,226031,1,3
17-09-2025,Uttar Pradesh,Lucknow,226201,0,5
17-09-2025,Uttar Pradesh,Lucknow,226501,0,4
17-09-2025,Uttar Pradesh,Lucknow,227111,5,49
17-09-2025,Uttar Pradesh,Lucknow,227116,4,27
17-09-2025,Uttar Pradesh,Lucknow,227205,7,57
17-09-2025,Uttar Pradesh,Lucknow,227309,3,18
19-09-2025,Uttar Pradesh,Lucknow,226002,2,65
19-09-2025,Uttar Pradesh,Lucknow,226006,0,8
19-09-2025,Uttar Pradesh,Lucknow,226009,1,2
19-09-2025,Uttar Pradesh,Lucknow,226010,6,47
19-09-2025,Uttar Pradesh,Lucknow,226011,3,19
19-09-2025,Uttar Pradesh,Lucknow,226012,4,18
19-09-2025,Uttar Pradesh,Lucknow,226014,0,2
19-09-2025,Uttar Pradesh,Lucknow,226016,4,37
19-09-2025,Uttar Pradesh,Lucknow,226017,4,63
19-09-2025,Uttar Pradesh,Lucknow,226018,1,16
19-09-2025,Uttar Pradesh,Lucknow,226022,0,30
19-09-2025,Uttar Pradesh,Lucknow,226023,0,14
19-09-2025,Uttar Pradesh,Lucknow,226024,0,10
19-09-2025,Uttar Pradesh,Lucknow,226025,2,11
19-09-2025,Uttar Pradesh,Lucknow,226029,3,5
19-09-2025,Uttar Pradesh,Lucknow,226101,1,23
19-09-2025,Uttar Pradesh,Lucknow,226203,0,3
19-09-2025,Uttar Pradesh,Lucknow,227125,8,47
19-09-2025,Uttar Pradesh,Lucknow,227309,2,31
20-09-2025,Uttar Pradesh,Lucknow,226001,0,30
20-09-2025,Uttar Pradesh,Lucknow,226007,0,4
20-09-2025,Uttar Pradesh,Lucknow,226024,1,14
20-09-2025,Uttar Pradesh,Lucknow,226025,1,11
20-09-2025,Uttar Pradesh,Lucknow,226026,3,18
20-09-2025,Uttar Pradesh,Lucknow,226104,1,0
20-09-2025,Uttar Pradesh,Lucknow,226201,1,1
20-09-2025,Uttar Pradesh,Lucknow,227101,1,15
13-10-2025,Uttar Pradesh,Lucknow,226004,0,18
13-10-2025,Uttar Pradesh,Lucknow,226007,0,4
13-10-2025,Uttar Pradesh,Lucknow,226008,0,10
13-10-2025,Uttar Pradesh,Lucknow,226026,0,3
13-10-2025,Uttar Pradesh,Lucknow,226029,0,1
13-10-2025,Uttar Pradesh,Lucknow,226101,0,7
13-10-2025,Uttar Pradesh,Lucknow,227125,0,25
13-10-2025,Uttar Pradesh,Lucknow,227202,0,8
13-10-2025,Uttar Pradesh,Lucknow,227309,0,19
15-10-2025,Uttar Pradesh,Lucknow,226001,2,48
15-10-2025,Uttar Pradesh,Lucknow,226003,11,159
15-10-2025,Uttar Pradesh,Lucknow,226009,0,6
15-10-2025,Uttar Pradesh,Lucknow,226014,0,2
15-10-2025,Uttar Pradesh,Lucknow,226020,2,45
15-10-2025,Uttar Pradesh,Lucknow,226024,1,19
15-10-2025,Uttar Pradesh,Lucknow,226025,1,10
15-10-2025,Uttar Pradesh,Lucknow,226026,4,13
15-10-2025,Uttar Pradesh,Lucknow,226031,1,6
15-10-2025,Uttar Pradesh,Lucknow,226101,7,26
15-10-2025,Uttar Pradesh,Lucknow,226302,0,3
15-10-2025,Uttar Pradesh,Lucknow,227111,3,41
15-10-2025,Uttar Pradesh,Lucknow,227116,4,23
15-10-2025,Uttar Pradesh,Lucknow,227309,1,45
17-10-2025,Uttar Pradesh,Lucknow,226002,1,51
17-10-2025,Uttar Pradesh,Lucknow,226006,1,6
17-10-2025,Uttar Pradesh,Lucknow,226011,1,14
17-10-2025,Uttar Pradesh,Lucknow,226012,0,12
17-10-2025,Uttar Pradesh,Lucknow,226013,0,4
17-10-2025,Uttar Pradesh,Lucknow,226014,0,2
17-10-2025,Uttar Pradesh,Lucknow,226015,0,2
17-10-2025,Uttar Pradesh,Lucknow,226016,4,36
17-10-2025,Uttar Pradesh,Lucknow,226017,3,33
17-10-2025,Uttar Pradesh,Lucknow,226024,0,8
17-10-2025,Uttar Pradesh,Lucknow,226029,0,2
17-10-2025,Uttar Pradesh,Lucknow,226030,1,2
16-10-2025,Uttar Pradesh,Lucknow,226018,2,32
16-10-2025,Uttar Pradesh,Lucknow,226026,1,25
16-10-2025,Uttar Pradesh,Lucknow,226028,3,46
16-10-2025,Uttar Pradesh,Lucknow,227107,5,49
16-10-2025,Uttar Pradesh,Lucknow,227115,5,60
16-10-2025,Uttar Pradesh,Lucknow,227116,0,22
16-10-2025,Uttar Pradesh,Lucknow,227202,3,29
18-10-2025,Uttar Pradesh,Lucknow,226002,8,46
18-10-2025,Uttar Pradesh,Lucknow,226008,4,29
18-10-2025,Uttar Pradesh,Lucknow,226021,3,34
18-10-2025,Uttar Pradesh,Lucknow,226022,0,18
18-10-2025,Uttar Pradesh,Lucknow,226030,1,3
18-10-2025,Uttar Pradesh,Lucknow,226101,6,9
18-10-2025,Uttar Pradesh,Lucknow,227101,2,15
18-10-2025,Uttar Pradesh,Lucknow,227105,1,10
19-10-2025,Uttar Pradesh,Lucknow,226001,4,23
19-10-2025,Uttar Pradesh,Lucknow,226005,1,17
19-10-2025,Uttar Pradesh,Lucknow,226007,0,6
19-10-2025,Uttar Pradesh,Lucknow,226013,0,6
19-10-2025,Uttar Pradesh,Lucknow,226023,0,10
19-10-2025,Uttar Pradesh,Lucknow,226026,1,16
19-10-2025,Uttar Pradesh,Lucknow,226029,1,4
19-10-2025,Uttar Pradesh,Lucknow,226030,1,2
19-10-2025,Uttar Pradesh,Lucknow,226102,3,4
19-10-2025,Uttar Pradesh,Lucknow,226302,0,1
19-10-2025,Uttar Pradesh,Lucknow,227111,4,15
19-10-2025,Uttar Pradesh,Lucknow,227115,4,34
19-10-2025,Uttar Pradesh,Lucknow,227305,3,20
26-10-2025,Uttar Pradesh,Lucknow,226003,3,127
26-10-2025,Uttar Pradesh,Lucknow,226008,1,27
26-10-2025,Uttar Pradesh,Lucknow,226013,1,7
26-10-2025,Uttar Pradesh,Lucknow,226019,0,2
26-10-2025,Uttar Pradesh,Lucknow,226020,1,45
26-10-2025,Uttar Pradesh,Lucknow,226021,4,35
26-10-2025,Uttar Pradesh,Lucknow,226022,0,36
26-10-2025,Uttar Pradesh,Lucknow,226023,2,17
26-10-2025,Uttar Pradesh,Lucknow,226203,0,1
26-10-2025,Uttar Pradesh,Lucknow,226501,1,5
27-10-2025,Uttar Pradesh,Lucknow,226010,3,20
27-10-2025,Uttar Pradesh,Lucknow,226017,0,25
27-10-2025,Uttar Pradesh,Lucknow,226022,1,18
27-10-2025,Uttar Pradesh,Lucknow,226028,2,17
27-10-2025,Uttar Pradesh,Lucknow,226029,0,9
27-10-2025,Uttar Pradesh,Lucknow,226201,0,1
27-10-2025,Uttar Pradesh,Lucknow,226203,0,1
27-10-2025,Uttar Pradesh,Lucknow,226401,0,1
27-10-2025,Uttar Pradesh,Lucknow,227116,0,7
27-10-2025,Uttar Pradesh,Lucknow,227125,0,15
27-10-2025,Uttar Pradesh,Lucknow,227305,0,19
20-10-2025,Uttar Pradesh,Lucknow,226002,0,6
20-10-2025,Uttar Pradesh,Lucknow,226018,0,3
20-10-2025,Uttar Pradesh,Lucknow,226020,2,6
20-10-2025,Uttar Pradesh,Lucknow,226030,0,2
20-10-2025,Uttar Pradesh,Lucknow,226101,2,6
20-10-2025,Uttar Pradesh,Lucknow,227115,1,5
23-10-2025,Uttar Pradesh,Lucknow,226002,0,8
23-10-2025,Uttar Pradesh,Lucknow,226013,1,0
23-10-2025,Uttar Pradesh,Lucknow,226018,1,2
23-10-2025,Uttar Pradesh,Lucknow,226020,1,4
23-10-2025,Uttar Pradesh,Lucknow,226026,0,2
23-10-2025,Uttar Pradesh,Lucknow,227115,1,1
23-10-2025,Uttar Pradesh,Lucknow,227116,0,2
23-10-2025,Uttar Pradesh,Lucknow,227205,0,4
23-10-2025,Uttar Pradesh,Lucknow,227305,0,1
23-10-2025,Uttar Pradesh,Lucknow,227308,0,1
21-10-2025,Uttar Pradesh,Lucknow,226011,0,1
21-10-2025,Uttar Pradesh,Lucknow,226013,1,1
21-10-2025,Uttar Pradesh,Lucknow,226025,0,2
21-10-2025,Uttar Pradesh,Lucknow,226101,1,10
21-10-2025,Uttar Pradesh,Lucknow,227107,1,3
22-10-2025,Uttar Pradesh,Lucknow,226003,0,2
22-10-2025,Uttar Pradesh,Lucknow,226012,0,1
22-10-2025,Uttar Pradesh,Lucknow,226016,0,1
22-10-2025,Uttar Pradesh,Lucknow,226018,1,0
22-10-2025,Uttar Pradesh,Lucknow,226020,1,0
22-10-2025,Uttar Pradesh,Lucknow,226028,0,6
22-10-2025,Uttar Pradesh,Lucknow,226401,1,0
22-10-2025,Uttar Pradesh,Lucknow,226501,0,1
24-10-2025,Uttar Pradesh,Lucknow,226007,0,11
24-10-2025,Uttar Pradesh,Lucknow,226008,1,9
24-10-2025,Uttar Pradesh,Lucknow,226014,2,4
24-10-2025,Uttar Pradesh,Lucknow,226015,0,1
24-10-2025,Uttar Pradesh,Lucknow,226016,1,17
24-10-2025,Uttar Pradesh,Lucknow,226018,2,15
24-10-2025,Uttar Pradesh,Lucknow,226025,1,8
24-10-2025,Uttar Pradesh,Lucknow,226029,0,13
24-10-2025,Uttar Pradesh,Lucknow,226102,0,3
24-10-2025,Uttar Pradesh,Lucknow,226301,0,4
24-10-2025,Uttar Pradesh,Lucknow,227105,1,6
24-10-2025,Uttar Pradesh,Lucknow,227111,4,18
24-10-2025,Uttar Pradesh,Lucknow,227125,3,10
24-10-2025,Uttar Pradesh,Lucknow,227202,0,5
24-10-2025,Uttar Pradesh,Lucknow,227309,0,10
25-10-2025,Uttar Pradesh,Lucknow,226004,1,17
25-10-2025,Uttar Pradesh,Lucknow,226005,2,15
25-10-2025,Uttar Pradesh,Lucknow,226008,2,18
25-10-2025,Uttar Pradesh,Lucknow,226010,3,31
25-10-2025,Uttar Pradesh,Lucknow,226015,0,1
25-10-2025,Uttar Pradesh,Lucknow,226017,3,21
25-10-2025,Uttar Pradesh,Lucknow,226026,0,2
25-10-2025,Uttar Pradesh,Lucknow,226301,0,2
25-10-2025,Uttar Pradesh,Lucknow,227309,1,15
29-10-2025,Uttar Pradesh,Lucknow,227207,0,1
28-10-2025,Uttar Pradesh,Lucknow,226005,3,16
28-10-2025,Uttar Pradesh,Lucknow,226010,6,34
28-10-2025,Uttar Pradesh,Lucknow,226018,0,25
28-10-2025,Uttar Pradesh,Lucknow,226028,2,24
28-10-2025,Uttar Pradesh,Lucknow,226301,0,6
28-10-2025,Uttar Pradesh,Lucknow,226401,0,6
28-10-2025,Uttar Pradesh,Lucknow,227101,0,6
28-10-2025,Uttar Pradesh,Lucknow,227205,3,28
28-10-2025,Uttar Pradesh,Lucknow,227305,2,31
01-11-2025,Uttar Pradesh,Lucknow,226202,0,1
09-11-2025,Uttar Pradesh,Lucknow,226302,0,1
17-11-2025,Uttar Pradesh,Lucknow,226202,1,0
17-11-2025,Uttar Pradesh,Lucknow,226302,0,1
04-11-2025,Uttar Pradesh,Lucknow,226003,6,163
04-11-2025,Uttar Pradesh,Lucknow,226008,0,30
04-11-2025,Uttar Pradesh,Lucknow,226021,2,51
04-11-2025,Uttar Pradesh,Lucknow,226024,3,17
04-11-2025,Uttar Pradesh,Lucknow,226025,0,11
04-11-2025,Uttar Pradesh,Lucknow,226026,2,30
04-11-2025,Uttar Pradesh,Lucknow,226029,0,12
04-11-2025,Uttar Pradesh,Lucknow,226030,0,3
04-11-2025,Uttar Pradesh,Lucknow,227125,1,38
07-11-2025,Uttar Pradesh,Lucknow,226019,0,1
07-11-2025,Uttar Pradesh,Lucknow,226020,2,65
07-11-2025,Uttar Pradesh,Lucknow,226022,0,34
07-11-2025,Uttar Pradesh,Lucknow,226025,1,13
07-11-2025,Uttar Pradesh,Lucknow,226029,4,15
07-11-2025,Uttar Pradesh,Lucknow,226031,0,3
07-11-2025,Uttar Pradesh,Lucknow,226302,0,2
07-11-2025,Uttar Pradesh,Lucknow,227107,1,38
07-11-2025,Uttar Pradesh,Lucknow,227111,2,40
07-11-2025,Uttar Pradesh,Lucknow,227205,2,57
07-11-2025,Uttar Pradesh,Lucknow,227305,0,39
07-11-2025,Uttar Pradesh,Lucknow,227309,0,16
06-11-2025,Uttar Pradesh,Lucknow,226003,8,168
06-11-2025,Uttar Pradesh,Lucknow,226009,1,0
06-11-2025,Uttar Pradesh,Lucknow,226023,0,12
06-11-2025,Uttar Pradesh,Lucknow,226030,0,4
06-11-2025,Uttar Pradesh,Lucknow,226102,1,4
06-11-2025,Uttar Pradesh,Lucknow,227101,0,26
06-11-2025,Uttar Pradesh,Lucknow,227116,0,14
06-11-2025,Uttar Pradesh,Lucknow,227202,0,29
06-11-2025,Uttar Pradesh,Lucknow,227309,0,7
05-11-2025,Uttar Pradesh,Lucknow,226001,6,19
05-11-2025,Uttar Pradesh,Lucknow,226002,3,40
05-11-2025,Uttar Pradesh,Lucknow,226005,4,8
05-11-2025,Uttar Pradesh,Lucknow,226006,0,4
05-11-2025,Uttar Pradesh,Lucknow,226008,1,11
05-11-2025,Uttar Pradesh,Lucknow,226012,0,16
05-11-2025,Uttar Pradesh,Lucknow,226016,1,20
05-11-2025,Uttar Pradesh,Lucknow,226025,1,9
05-11-2025,Uttar Pradesh,Lucknow,226102,0,2
05-11-2025,Uttar Pradesh,Lucknow,226301,1,1
05-11-2025,Uttar Pradesh,Lucknow,226501,0,9
05-11-2025,Uttar Pradesh,Lucknow,227105,0,7
05-11-2025,Uttar Pradesh,Lucknow,227107,4,23
05-11-2025,Uttar Pradesh,Lucknow,227202,0,8
05-11-2025,Uttar Pradesh,Lucknow,227308,0,7
08-11-2025,Uttar Pradesh,Lucknow,226023,0,18
08-11-2025,Uttar Pradesh,Lucknow,226029,1,17
08-11-2025,Uttar Pradesh,Lucknow,226501,0,4
08-11-2025,Uttar Pradesh,Lucknow,227105,1,12
08-11-2025,Uttar Pradesh,Lucknow,227125,1,26
09-11-2025,Uttar Pradesh,Lucknow,226004,0,4
09-11-2025,Uttar Pradesh,Lucknow,226011,0,7
09-11-2025,Uttar Pradesh,Lucknow,226020,1,21
09-11-2025,Uttar Pradesh,Lucknow,226021,0,15
09-11-2025,Uttar Pradesh,Lucknow,226029,1,5
09-11-2025,Uttar Pradesh,Lucknow,226202,0,1
09-11-2025,Uttar Pradesh,Lucknow,227125,1,7
09-11-2025,Uttar Pradesh,Lucknow,227305,0,6
10-11-2025,Uttar Pradesh,Lucknow,226004,0,65
10-11-2025,Uttar Pradesh,Lucknow,226006,0,18
10-11-2025,Uttar Pradesh,Lucknow,226008,2,26
10-11-2025,Uttar Pradesh,Lucknow,226010,6,49
10-11-2025,Uttar Pradesh,Lucknow,226011,3,27
10-11-2025,Uttar Pradesh,Lucknow,226017,5,59
10-11-2025,Uttar Pradesh,Lucknow,226030,0,1
10-11-2025,Uttar Pradesh,Lucknow,226031,0,2
10-11-2025,Uttar Pradesh,Lucknow,226101,2,28
10-11-2025,Uttar Pradesh,Lucknow,226102,0,6
10-11-2025,Uttar Pradesh,Lucknow,226202,0,1
10-11-2025,Uttar Pradesh,Lucknow,226203,0,0
10-11-2025,Uttar Pradesh,Lucknow,226501,0,4
10-11-2025,Uttar Pradesh,Lucknow,227101,1,18
10-11-2025,Uttar Pradesh,Lucknow,227107,1,48
10-11-2025,Uttar Pradesh,Lucknow,227115,2,44
10-11-2025,Uttar Pradesh,Lucknow,227202,1,23
11-11-2025,Uttar Pradesh,Lucknow,226005,0,38
11-11-2025,Uttar Pradesh,Lucknow,226008,1,32
11-11-2025,Uttar Pradesh,Lucknow,226010,3,47
11-11-2025,Uttar Pradesh,Lucknow,226011,1,21
11-11-2025,Uttar Pradesh,Lucknow,226016,3,36
11-11-2025,Uttar Pradesh,Lucknow,226020,6,66
11-11-2025,Uttar Pradesh,Lucknow,226021,3,50
11-11-2025,Uttar Pradesh,Lucknow,226028,3,37
11-11-2025,Uttar Pradesh,Lucknow,227116,0,24
12-11-2025,Uttar Pradesh,Lucknow,226001,5,63
12-11-2025,Uttar Pradesh,Lucknow,226008,2,31
12-11-2025,Uttar Pradesh,Lucknow,226015,1,6
12-11-2025,Uttar Pradesh,Lucknow,226016,4,73
12-11-2025,Uttar Pradesh,Lucknow,226022,1,56
12-11-2025,Uttar Pradesh,Lucknow,226102,0,4
12-11-2025,Uttar Pradesh,Lucknow,227111,2,51
13-11-2025,Uttar Pradesh,Lucknow,226009,1,5
13-11-2025,Uttar Pradesh,Lucknow,226021,4,51
13-11-2025,Uttar Pradesh,Lucknow,226024,1,9
13-11-2025,Uttar Pradesh,Lucknow,226026,0,12
13-11-2025,Uttar Pradesh,Lucknow,226101,2,30
13-11-2025,Uttar Pradesh,Lucknow,226102,0,6
13-11-2025,Uttar Pradesh,Lucknow,226201,0,1
13-11-2025,Uttar Pradesh,Lucknow,226501,1,8
14-11-2025,Uttar Pradesh,Lucknow,226004,2,52
14-11-2025,Uttar Pradesh,Lucknow,226009,0,3
14-11-2025,Uttar Pradesh,Lucknow,226010,0,33
14-11-2025,Uttar Pradesh,Lucknow,226012,1,27
14-11-2025,Uttar Pradesh,Lucknow,226013,0,7
14-11-2025,Uttar Pradesh,Lucknow,226014,0,4
14-11-2025,Uttar Pradesh,Lucknow,226015,0,6
14-11-2025,Uttar Pradesh,Lucknow,226020,3,81
14-11-2025,Uttar Pradesh,Lucknow,226024,1,13
14-11-2025,Uttar Pradesh,Lucknow,226028,0,35
14-11-2025,Uttar Pradesh,Lucknow,226203,0,2
14-11-2025,Uttar Pradesh,Lucknow,227101,0,21
14-11-2025,Uttar Pradesh,Lucknow,227115,2,59
14-11-2025,Uttar Pradesh,Lucknow,227116,1,13
14-11-2025,Uttar Pradesh,Lucknow,227207,0,1
16-11-2025,Uttar Pradesh,Lucknow,226018,2,17
16-11-2025,Uttar Pradesh,Lucknow,226022,1,17
16-11-2025,Uttar Pradesh,Lucknow,226025,2,4
16-11-2025,Uttar Pradesh,Lucknow,226401,0,5
28-11-2025,Uttar Pradesh,Lucknow,227207,0,1
23-12-2025,Uttar Pradesh,Lucknow,226005,4,38
23-12-2025,Uttar Pradesh,Lucknow,226007,0,21
23-12-2025,Uttar Pradesh,Lucknow,226008,3,49
23-12-2025,Uttar Pradesh,Lucknow,226013,1,9
23-12-2025,Uttar Pradesh,Lucknow,226014,0,6
23-12-2025,Uttar Pradesh,Lucknow,226016,3,78
23-12-2025,Uttar Pradesh,Lucknow,226021,6,99
23-12-2025,Uttar Pradesh,Lucknow,226022,1,39
23-12-2025,Uttar Pradesh,Lucknow,226028,4,56
23-12-2025,Uttar Pradesh,Lucknow,226101,6,50
23-12-2025,Uttar Pradesh,Lucknow,227308,2,37
25-12-2025,Uttar Pradesh,Lucknow,226006,3,12
28-12-2025,Uttar Pradesh,Lucknow,226001,4,44
28-12-2025,Uttar Pradesh,Lucknow,226006,1,5
28-12-2025,Uttar Pradesh,Lucknow,226009,0,4
28-12-2025,Uttar Pradesh,Lucknow,226101,6,57
28-12-2025,Uttar Pradesh,Lucknow,226301,3,19
28-12-2025,Uttar Pradesh,Lucknow,227107,3,29
28-12-2025,Uttar Pradesh,Lucknow,227305,1,23
29-12-2025,Uttar Pradesh,Lucknow,226022,1,30
29-12-2025,Uttar Pradesh,Lucknow,226023,1,11
29-12-2025,Uttar Pradesh,Lucknow,226025,0,11
29-12-2025,Uttar Pradesh,Lucknow,226031,0,5
29-12-2025,Uttar Pradesh,Lucknow,226201,0,6
29-12-2025,Uttar Pradesh,Lucknow,226301,2,8
29-12-2025,Uttar Pradesh,Lucknow,226302,0,2
29-12-2025,Uttar Pradesh,Lucknow,227202,2,35
29-12-2025,Uttar Pradesh,Lucknow,227207,0,2
01-01-2026,Uttar Pradesh,Lucknow,226008,2,29
01-01-2026,Uttar Pradesh,Lucknow,226012,1,18
01-01-2026,Uttar Pradesh,Lucknow,226017,6,70
01-01-2026,Uttar Pradesh,Lucknow,226018,2,40
01-01-2026,Uttar Pradesh,Lucknow,226029,1,10
01-01-2026,Uttar Pradesh,Lucknow,227111,3,34
01-01-2026,Uttar Pradesh,Lucknow,227115,1,21
01-01-2026,Uttar Pradesh,Lucknow,227125,3,21
01-01-2026,Uttar Pradesh,Lucknow,227202,2,35
31-12-2025,Uttar Pradesh,Lucknow,226002,3,73
31-12-2025,Uttar Pradesh,Lucknow,226003,13,315
31-12-2025,Uttar Pradesh,Lucknow,226005,3,50
31-12-2025,Uttar Pradesh,Lucknow,226010,0,39
31-12-2025,Uttar Pradesh,Lucknow,226012,1,30
31-12-2025,Uttar Pradesh,Lucknow,226029,2,17
31-12-2025,Uttar Pradesh,Lucknow,226102,3,6
31-12-2025,Uttar Pradesh,Lucknow,226302,1,1
31-12-2025,Uttar Pradesh,Lucknow,227115,3,41
31-12-2025,Uttar Pradesh,Lucknow,227125,2,31
31-12-2025,Uttar Pradesh,Lucknow,227305,1,46
31-12-2025,Uttar Pradesh,Lucknow,227308,4,20
31-12-2025,Uttar Pradesh,Lucknow,227309,0,15
03-01-2026,Uttar Pradesh,Lucknow,226013,0,3
03-01-2026,Uttar Pradesh,Lucknow,226016,0,17
03-01-2026,Uttar Pradesh,Lucknow,226028,1,11
03-01-2026,Uttar Pradesh,Lucknow,226401,0,3
03-01-2026,Uttar Pradesh,Lucknow,227101,0,8
03-01-2026,Uttar Pradesh,Lucknow,227202,0,13
03-01-2026,Uttar Pradesh,Lucknow,227305,0,12
03-01-2026,Uttar Pradesh,Lucknow,227309,2,9
02-01-2026,Uttar Pradesh,Lucknow,226008,3,25
02-01-2026,Uttar Pradesh,Lucknow,226009,1,6
02-01-2026,Uttar Pradesh,Lucknow,226018,1,33
02-01-2026,Uttar Pradesh,Lucknow,226022,6,26
02-01-2026,Uttar Pradesh,Lucknow,226025,4,11
02-01-2026,Uttar Pradesh,Lucknow,226201,1,4
02-01-2026,Uttar Pradesh,Lucknow,226501,1,9
02-01-2026,Uttar Pradesh,Lucknow,227111,1,18
02-01-2026,Uttar Pradesh,Lucknow,227116,0,7
02-01-2026,Uttar Pradesh,Lucknow,227305,5,23
02-01-2026,Uttar Pradesh,Lucknow,227308,2,14
25-12-2025,Uttar Pradesh,Lucknow,226015,0,4
25-12-2025,Uttar Pradesh,Lucknow,226018,1,23
25-12-2025,Uttar Pradesh,Lucknow,226026,0,8
25-12-2025,Uttar Pradesh,Lucknow,226031,0,6
25-12-2025,Uttar Pradesh,Lucknow,227125,1,18
25-12-2025,Uttar Pradesh,Lucknow,227202,1,14
25-12-2025,Uttar Pradesh,Lucknow,227207,0,1
25-12-2025,Uttar Pradesh,Lucknow,226001,0,21
25-12-2025,Uttar Pradesh,Lucknow,226003,5,122
25-12-2025,Uttar Pradesh,Lucknow,226004,0,32
25-12-2025,Uttar Pradesh,Lucknow,226013,0,3
24-12-2025,Uttar Pradesh,Lucknow,226003,16,299
24-12-2025,Uttar Pradesh,Lucknow,226008,4,43
24-12-2025,Uttar Pradesh,Lucknow,226012,4,17
24-12-2025,Uttar Pradesh,Lucknow,226017,3,93
24-12-2025,Uttar Pradesh,Lucknow,226019,0,2
24-12-2025,Uttar Pradesh,Lucknow,226021,9,78
24-12-2025,Uttar Pradesh,Lucknow,226022,3,45
24-12-2025,Uttar Pradesh,Lucknow,226025,2,10
24-12-2025,Uttar Pradesh,Lucknow,226030,0,5
24-12-2025,Uttar Pradesh,Lucknow,226102,0,3
24-12-2025,Uttar Pradesh,Lucknow,226401,2,7
24-12-2025,Uttar Pradesh,Lucknow,227101,0,30
24-12-2025,Uttar Pradesh,Lucknow,227202,3,59
24-12-2025,Uttar Pradesh,Lucknow,227205,2,57
24-12-2025,Uttar Pradesh,Lucknow,227305,5,52
27-12-2025,Uttar Pradesh,Lucknow,226003,11,234
27-12-2025,Uttar Pradesh,Lucknow,226007,0,7
27-12-2025,Uttar Pradesh,Lucknow,226008,1,36
27-12-2025,Uttar Pradesh,Lucknow,226010,3,36
27-12-2025,Uttar Pradesh,Lucknow,226012,1,14
27-12-2025,Uttar Pradesh,Lucknow,226014,0,3
27-12-2025,Uttar Pradesh,Lucknow,226021,2,56
27-12-2025,Uttar Pradesh,Lucknow,226022,3,40
27-12-2025,Uttar Pradesh,Lucknow,226025,0,22
27-12-2025,Uttar Pradesh,Lucknow,226028,6,46
27-12-2025,Uttar Pradesh,Lucknow,226201,0,4
27-12-2025,Uttar Pradesh,Lucknow,226301,3,13
27-12-2025,Uttar Pradesh,Lucknow,227107,6,65
27-12-2025,Uttar Pradesh,Lucknow,227207,0,1
26-12-2025,Uttar Pradesh,Lucknow,226001,4,39
26-12-2025,Uttar Pradesh,Lucknow,226007,0,10
26-12-2025,Uttar Pradesh,Lucknow,226012,4,31
26-12-2025,Uttar Pradesh,Lucknow,226018,1,38
26-12-2025,Uttar Pradesh,Lucknow,226022,0,45
26-12-2025,Uttar Pradesh,Lucknow,226203,0,7
26-12-2025,Uttar Pradesh,Lucknow,227107,2,52
26-12-2025,Uttar Pradesh,Lucknow,227125,2,34
26-12-2025,Uttar Pradesh,Lucknow,227308,2,28
12-12-2025,Uttar Pradesh,Lucknow,227207,1,0
18-12-2025,Uttar Pradesh,Lucknow,226001,3,77
18-12-2025,Uttar Pradesh,Lucknow,226005,2,48
18-12-2025,Uttar Pradesh,Lucknow,226007,1,13
18-12-2025,Uttar Pradesh,Lucknow,226008,7,40
18-12-2025,Uttar Pradesh,Lucknow,226009,0,5
18-12-2025,Uttar Pradesh,Lucknow,226011,2,35
18-12-2025,Uttar Pradesh,Lucknow,226012,0,30
18-12-2025,Uttar Pradesh,Lucknow,226014,0,4
18-12-2025,Uttar Pradesh,Lucknow,226016,6,71
18-12-2025,Uttar Pradesh,Lucknow,226030,0,6
18-12-2025,Uttar Pradesh,Lucknow,226302,0,3
18-12-2025,Uttar Pradesh,Lucknow,227115,3,61
18-12-2025,Uttar Pradesh,Lucknow,227116,0,17
19-12-2025,Uttar Pradesh,Lucknow,226007,0,3
19-12-2025,Uttar Pradesh,Lucknow,226009,0,6
19-12-2025,Uttar Pradesh,Lucknow,226012,8,20
19-12-2025,Uttar Pradesh,Lucknow,226014,0,2
19-12-2025,Uttar Pradesh,Lucknow,226016,6,47
19-12-2025,Uttar Pradesh,Lucknow,226021,3,60
19-12-2025,Uttar Pradesh,Lucknow,226031,3,6
19-12-2025,Uttar Pradesh,Lucknow,227111,0,34
19-12-2025,Uttar Pradesh,Lucknow,227116,1,22
20-12-2025,Uttar Pradesh,Lucknow,226003,15,237
20-12-2025,Uttar Pradesh,Lucknow,226006,0,10
20-12-2025,Uttar Pradesh,Lucknow,226007,0,7
20-12-2025,Uttar Pradesh,Lucknow,226009,0,3
20-12-2025,Uttar Pradesh,Lucknow,226010,5,42
20-12-2025,Uttar Pradesh,Lucknow,226018,2,28
20-12-2025,Uttar Pradesh,Lucknow,226025,1,12
20-12-2025,Uttar Pradesh,Lucknow,226301,0,6
20-12-2025,Uttar Pradesh,Lucknow,227116,0,22
20-12-2025,Uttar Pradesh,Lucknow,227207,0,1
20-12-2025,Uttar Pradesh,Lucknow,227305,1,31
21-12-2025,Uttar Pradesh,Lucknow,226002,0,30
21-12-2025,Uttar Pradesh,Lucknow,226004,0,9
21-12-2025,Uttar Pradesh,Lucknow,226005,0,2
21-12-2025,Uttar Pradesh,Lucknow,226006,0,3
21-12-2025,Uttar Pradesh,Lucknow,226008,1,18
21-12-2025,Uttar Pradesh,Lucknow,226009,0,5
21-12-2025,Uttar Pradesh,Lucknow,226021,3,25
21-12-2025,Uttar Pradesh,Lucknow,226028,3,24
21-12-2025,Uttar Pradesh,Lucknow,226029,0,7
21-12-2025,Uttar Pradesh,Lucknow,226401,0,1
21-12-2025,Uttar Pradesh,Lucknow,227101,0,7
21-12-2025,Uttar Pradesh,Lucknow,227107,0,12
21-12-2025,Uttar Pradesh,Lucknow,227111,2,5
21-12-2025,Uttar Pradesh,Lucknow,227116,0,4
21-12-2025,Uttar Pradesh,Lucknow,227308,0,10
22-12-2025,Uttar Pradesh,Lucknow,226005,0,34
22-12-2025,Uttar Pradesh,Lucknow,226006,1,11
22-12-2025,Uttar Pradesh,Lucknow,226008,3,30
22-12-2025,Uttar Pradesh,Lucknow,226012,0,29
22-12-2025,Uttar Pradesh,Lucknow,226015,1,10
22-12-2025,Uttar Pradesh,Lucknow,226016,1,40
22-12-2025,Uttar Pradesh,Lucknow,226201,2,5
22-12-2025,Uttar Pradesh,Lucknow,226203,0,3
22-12-2025,Uttar Pradesh,Lucknow,226301,2,10
22-12-2025,Uttar Pradesh,Lucknow,226302,1,0
22-12-2025,Uttar Pradesh,Lucknow,227308,0,26
13-12-2025,Uttar Pradesh,Lucknow,226003,15,314
13-12-2025,Uttar Pradesh,Lucknow,226005,2,23
13-12-2025,Uttar Pradesh,Lucknow,226014,4,3
13-12-2025,Uttar Pradesh,Lucknow,226016,2,57
13-12-2025,Uttar Pradesh,Lucknow,226018,6,40
13-12-2025,Uttar Pradesh,Lucknow,226023,1,17
13-12-2025,Uttar Pradesh,Lucknow,226028,2,59
13-12-2025,Uttar Pradesh,Lucknow,226031,2,9
13-12-2025,Uttar Pradesh,Lucknow,226102,0,2
13-12-2025,Uttar Pradesh,Lucknow,227125,0,34
14-12-2025,Uttar Pradesh,Lucknow,226001,3,18
14-12-2025,Uttar Pradesh,Lucknow,226002,5,40
14-12-2025,Uttar Pradesh,Lucknow,226007,3,3
14-12-2025,Uttar Pradesh,Lucknow,226008,2,25
14-12-2025,Uttar Pradesh,Lucknow,226020,10,36
14-12-2025,Uttar Pradesh,Lucknow,226022,3,17
14-12-2025,Uttar Pradesh,Lucknow,226024,1,4
14-12-2025,Uttar Pradesh,Lucknow,226102,0,6
14-12-2025,Uttar Pradesh,Lucknow,226302,0,3
14-12-2025,Uttar Pradesh,Lucknow,227107,3,19
14-12-2025,Uttar Pradesh,Lucknow,227111,0,9
14-12-2025,Uttar Pradesh,Lucknow,227116,0,13
14-12-2025,Uttar Pradesh,Lucknow,227125,3,28
15-12-2025,Uttar Pradesh,Lucknow,226005,3,39
15-12-2025,Uttar Pradesh,Lucknow,226015,1,7
15-12-2025,Uttar Pradesh,Lucknow,226021,8,95
15-12-2025,Uttar Pradesh,Lucknow,226028,3,51
15-12-2025,Uttar Pradesh,Lucknow,226302,0,4
15-12-2025,Uttar Pradesh,Lucknow,226401,3,13
15-12-2025,Uttar Pradesh,Lucknow,227105,3,20
15-12-2025,Uttar Pradesh,Lucknow,227116,2,14
15-12-2025,Uttar Pradesh,Lucknow,227202,2,50
15-12-2025,Uttar Pradesh,Lucknow,227205,4,66
16-12-2025,Uttar Pradesh,Lucknow,226002,8,123
16-12-2025,Uttar Pradesh,Lucknow,226003,15,390
16-12-2025,Uttar Pradesh,Lucknow,226018,2,47
16-12-2025,Uttar Pradesh,Lucknow,226022,1,35
16-12-2025,Uttar Pradesh,Lucknow,226025,1,26
16-12-2025,Uttar Pradesh,Lucknow,226029,1,28
16-12-2025,Uttar Pradesh,Lucknow,226101,1,53
16-12-2025,Uttar Pradesh,Lucknow,227111,3,39
16-12-2025,Uttar Pradesh,Lucknow,227125,3,38
17-12-2025,Uttar Pradesh,Lucknow,226001,5,67
17-12-2025,Uttar Pradesh,Lucknow,226012,0,27
17-12-2025,Uttar Pradesh,Lucknow,226015,0,4
17-12-2025,Uttar Pradesh,Lucknow,226018,1,32
17-12-2025,Uttar Pradesh,Lucknow,226023,6,20
17-12-2025,Uttar Pradesh,Lucknow,226102,1,4
17-12-2025,Uttar Pradesh,Lucknow,226301,1,8
17-12-2025,Uttar Pradesh,Lucknow,226501,0,5
17-12-2025,Uttar Pradesh,Lucknow,227105,4,21
17-12-2025,Uttar Pradesh,Lucknow,227205,0,46
08-12-2025,Uttar Pradesh,Lucknow,226002,6,93
08-12-2025,Uttar Pradesh,Lucknow,226017,2,94
08-12-2025,Uttar Pradesh,Lucknow,226019,0,2
08-12-2025,Uttar Pradesh,Lucknow,226023,1,28
08-12-2025,Uttar Pradesh,Lucknow,226024,2,30
08-12-2025,Uttar Pradesh,Lucknow,226025,0,19
08-12-2025,Uttar Pradesh,Lucknow,226201,0,7
08-12-2025,Uttar Pradesh,Lucknow,226202,0,1
08-12-2025,Uttar Pradesh,Lucknow,226203,0,2
08-12-2025,Uttar Pradesh,Lucknow,226501,0,13
08-12-2025,Uttar Pradesh,Lucknow,227101,1,21
08-12-2025,Uttar Pradesh,Lucknow,227115,2,44
08-12-2025,Uttar Pradesh,Lucknow,227305,5,72
10-12-2025,Uttar Pradesh,Lucknow,226005,3,51
10-12-2025,Uttar Pradesh,Lucknow,226009,1,2
10-12-2025,Uttar Pradesh,Lucknow,226015,1,10
10-12-2025,Uttar Pradesh,Lucknow,226018,2,51
10-12-2025,Uttar Pradesh,Lucknow,226031,0,7
10-12-2025,Uttar Pradesh,Lucknow,226501,1,7
10-12-2025,Uttar Pradesh,Lucknow,227308,2,34
09-12-2025,Uttar Pradesh,Lucknow,226001,4,64
09-12-2025,Uttar Pradesh,Lucknow,226007,3,13
09-12-2025,Uttar Pradesh,Lucknow,226009,0,8
09-12-2025,Uttar Pradesh,Lucknow,226020,3,104
09-12-2025,Uttar Pradesh,Lucknow,226021,4,100
09-12-2025,Uttar Pradesh,Lucknow,226023,0,32
09-12-2025,Uttar Pradesh,Lucknow,226201,0,7
11-12-2025,Uttar Pradesh,Lucknow,226003,20,455
11-12-2025,Uttar Pradesh,Lucknow,226016,10,76
11-12-2025,Uttar Pradesh,Lucknow,226018,3,63
11-12-2025,Uttar Pradesh,Lucknow,226020,8,108
11-12-2025,Uttar Pradesh,Lucknow,226102,3,12
11-12-2025,Uttar Pradesh,Lucknow,226202,0,2
12-12-2025,Uttar Pradesh,Lucknow,226003,19,368
12-12-2025,Uttar Pradesh,Lucknow,226008,2,40
12-12-2025,Uttar Pradesh,Lucknow,226009,0,6
12-12-2025,Uttar Pradesh,Lucknow,226013,1,10
12-12-2025,Uttar Pradesh,Lucknow,226024,2,16
12-12-2025,Uttar Pradesh,Lucknow,226025,1,23
12-12-2025,Uttar Pradesh,Lucknow,226030,0,9
12-12-2025,Uttar Pradesh,Lucknow,226031,2,11
12-12-2025,Uttar Pradesh,Lucknow,227111,3,40
12-12-2025,Uttar Pradesh,Lucknow,227125,3,57
12-12-2025,Uttar Pradesh,Lucknow,227309,3,29
03-12-2025,Uttar Pradesh,Lucknow,226002,5,77
03-12-2025,Uttar Pradesh,Lucknow,226004,1,57
03-12-2025,Uttar Pradesh,Lucknow,226009,0,6
03-12-2025,Uttar Pradesh,Lucknow,226020,2,119
03-12-2025,Uttar Pradesh,Lucknow,226031,0,3
03-12-2025,Uttar Pradesh,Lucknow,227115,1,28
03-12-2025,Uttar Pradesh,Lucknow,227116,0,13
03-12-2025,Uttar Pradesh,Lucknow,227207,1,0
03-12-2025,Uttar Pradesh,Lucknow,227309,0,11
04-12-2025,Uttar Pradesh,Lucknow,226016,2,82
04-12-2025,Uttar Pradesh,Lucknow,226030,0,7
04-12-2025,Uttar Pradesh,Lucknow,227116,1,25
04-12-2025,Uttar Pradesh,Lucknow,227305,4,41
06-12-2025,Uttar Pradesh,Lucknow,226003,13,361
06-12-2025,Uttar Pradesh,Lucknow,226007,0,8
06-12-2025,Uttar Pradesh,Lucknow,226010,5,74
06-12-2025,Uttar Pradesh,Lucknow,226012,2,27
06-12-2025,Uttar Pradesh,Lucknow,226013,0,6
06-12-2025,Uttar Pradesh,Lucknow,226014,0,1
06-12-2025,Uttar Pradesh,Lucknow,226015,0,5
06-12-2025,Uttar Pradesh,Lucknow,226020,3,113
06-12-2025,Uttar Pradesh,Lucknow,226021,6,78
06-12-2025,Uttar Pradesh,Lucknow,226026,0,19
06-12-2025,Uttar Pradesh,Lucknow,226031,0,3
06-12-2025,Uttar Pradesh,Lucknow,226101,5,67
06-12-2025,Uttar Pradesh,Lucknow,226203,0,3
06-12-2025,Uttar Pradesh,Lucknow,226301,0,6
06-12-2025,Uttar Pradesh,Lucknow,226401,0,9
06-12-2025,Uttar Pradesh,Lucknow,226501,0,7
06-12-2025,Uttar Pradesh,Lucknow,227111,3,31
06-12-2025,Uttar Pradesh,Lucknow,227305,2,58
05-12-2025,Uttar Pradesh,Lucknow,226003,12,349
05-12-2025,Uttar Pradesh,Lucknow,226008,2,30
05-12-2025,Uttar Pradesh,Lucknow,226011,0,30
05-12-2025,Uttar Pradesh,Lucknow,226018,1,36
05-12-2025,Uttar Pradesh,Lucknow,226026,1,20
05-12-2025,Uttar Pradesh,Lucknow,226102,0,3
05-12-2025,Uttar Pradesh,Lucknow,226203,0,2
05-12-2025,Uttar Pradesh,Lucknow,227101,0,13
05-12-2025,Uttar Pradesh,Lucknow,227205,0,43
07-12-2025,Uttar Pradesh,Lucknow,226004,0,18
07-12-2025,Uttar Pradesh,Lucknow,226009,0,2
07-12-2025,Uttar Pradesh,Lucknow,226011,2,8
07-12-2025,Uttar Pradesh,Lucknow,226016,2,28
07-12-2025,Uttar Pradesh,Lucknow,226026,0,8
07-12-2025,Uttar Pradesh,Lucknow,226101,6,23
07-12-2025,Uttar Pradesh,Lucknow,227125,1,12
07-12-2025,Uttar Pradesh,Lucknow,227205,0,11
17-11-2025,Uttar Pradesh,Lucknow,226001,4,56
17-11-2025,Uttar Pradesh,Lucknow,226002,1,84
17-11-2025,Uttar Pradesh,Lucknow,226003,7,424
17-11-2025,Uttar Pradesh,Lucknow,226005,4,32
17-11-2025,Uttar Pradesh,Lucknow,226008,1,48
17-11-2025,Uttar Pradesh,Lucknow,226012,1,24
17-11-2025,Uttar Pradesh,Lucknow,226013,0,6
17-11-2025,Uttar Pradesh,Lucknow,226017,3,103
17-11-2025,Uttar Pradesh,Lucknow,226203,0,3
17-11-2025,Uttar Pradesh,Lucknow,226301,1,13
17-11-2025,Uttar Pradesh,Lucknow,226401,0,4
18-11-2025,Uttar Pradesh,Lucknow,226009,1,4
18-11-2025,Uttar Pradesh,Lucknow,226020,1,141
18-11-2025,Uttar Pradesh,Lucknow,226025,1,17
18-11-2025,Uttar Pradesh,Lucknow,226028,4,48
18-11-2025,Uttar Pradesh,Lucknow,226031,0,4
18-11-2025,Uttar Pradesh,Lucknow,226102,1,4
18-11-2025,Uttar Pradesh,Lucknow,227202,0,20
18-11-2025,Uttar Pradesh,Lucknow,227305,0,48
18-11-2025,Uttar Pradesh,Lucknow,227308,0,31
19-11-2025,Uttar Pradesh,Lucknow,226010,2,55
19-11-2025,Uttar Pradesh,Lucknow,226023,0,26
19-11-2025,Uttar Pradesh,Lucknow,226028,5,45
19-11-2025,Uttar Pradesh,Lucknow,227107,0,69
19-11-2025,Uttar Pradesh,Lucknow,227115,0,72
21-11-2025,Uttar Pradesh,Lucknow,226001,6,51
21-11-2025,Uttar Pradesh,Lucknow,226005,1,32
21-11-2025,Uttar Pradesh,Lucknow,226007,0,12
21-11-2025,Uttar Pradesh,Lucknow,226019,0,1
21-11-2025,Uttar Pradesh,Lucknow,226024,2,25
21-11-2025,Uttar Pradesh,Lucknow,226025,0,10
21-11-2025,Uttar Pradesh,Lucknow,226026,3,17
21-11-2025,Uttar Pradesh,Lucknow,226028,3,51
21-11-2025,Uttar Pradesh,Lucknow,226030,0,8
21-11-2025,Uttar Pradesh,Lucknow,226031,0,3
21-11-2025,Uttar Pradesh,Lucknow,226501,0,3
21-11-2025,Uttar Pradesh,Lucknow,227105,0,11
21-11-2025,Uttar Pradesh,Lucknow,227125,0,17
21-11-2025,Uttar Pradesh,Lucknow,227305,1,41
21-11-2025,Uttar Pradesh,Lucknow,227308,0,20
02-11-2025,Uttar Pradesh,Lucknow,226001,2,6
02-11-2025,Uttar Pradesh,Lucknow,226004,2,3
02-11-2025,Uttar Pradesh,Lucknow,226005,2,2
02-11-2025,Uttar Pradesh,Lucknow,226012,0,4
02-11-2025,Uttar Pradesh,Lucknow,226014,1,3
02-11-2025,Uttar Pradesh,Lucknow,226016,0,10
02-11-2025,Uttar Pradesh,Lucknow,226023,0,2
02-11-2025,Uttar Pradesh,Lucknow,226025,0,2
02-11-2025,Uttar Pradesh,Lucknow,227116,1,4
02-11-2025,Uttar Pradesh,Lucknow,227125,4,15
02-11-2025,Uttar Pradesh,Lucknow,227202,0,6
02-11-2025,Uttar Pradesh,Lucknow,227205,0,8
03-11-2025,Uttar Pradesh,Lucknow,226002,4,64
03-11-2025,Uttar Pradesh,Lucknow,226006,0,10
03-11-2025,Uttar Pradesh,Lucknow,226009,0,4
03-11-2025,Uttar Pradesh,Lucknow,226019,0,1
03-11-2025,Uttar Pradesh,Lucknow,226025,0,18
03-11-2025,Uttar Pradesh,Lucknow,226202,0,1
03-11-2025,Uttar Pradesh,Lucknow,226501,0,9
03-11-2025,Uttar Pradesh,Lucknow,227101,2,26
03-11-2025,Uttar Pradesh,Lucknow,227105,2,23
03-11-2025,Uttar Pradesh,Lucknow,227202,2,27
03-11-2025,Uttar Pradesh,Lucknow,227205,3,39
31-10-2025,Uttar Pradesh,Lucknow,226015,0,3
31-10-2025,Uttar Pradesh,Lucknow,226026,0,10
31-10-2025,Uttar Pradesh,Lucknow,226028,1,31
31-10-2025,Uttar Pradesh,Lucknow,226030,1,8
31-10-2025,Uttar Pradesh,Lucknow,226031,0,1
31-10-2025,Uttar Pradesh,Lucknow,226101,3,31
31-10-2025,Uttar Pradesh,Lucknow,226203,0,4
22-11-2025,Uttar Pradesh,Lucknow,226004,5,57
22-11-2025,Uttar Pradesh,Lucknow,226005,1,25
22-11-2025,Uttar Pradesh,Lucknow,226011,1,20
22-11-2025,Uttar Pradesh,Lucknow,226012,4,13
22-11-2025,Uttar Pradesh,Lucknow,226017,1,61
22-11-2025,Uttar Pradesh,Lucknow,226020,3,72
22-11-2025,Uttar Pradesh,Lucknow,226026,3,16
22-11-2025,Uttar Pradesh,Lucknow,226028,8,45
22-11-2025,Uttar Pradesh,Lucknow,226102,0,4
22-11-2025,Uttar Pradesh,Lucknow,226203,0,3
22-11-2025,Uttar Pradesh,Lucknow,226501,0,2
22-11-2025,Uttar Pradesh,Lucknow,227105,2,7
22-11-2025,Uttar Pradesh,Lucknow,227116,2,11
22-11-2025,Uttar Pradesh,Lucknow,227207,0,1
23-11-2025,Uttar Pradesh,Lucknow,226010,4,16
23-11-2025,Uttar Pradesh,Lucknow,226201,0,3
23-11-2025,Uttar Pradesh,Lucknow,226401,1,1
23-11-2025,Uttar Pradesh,Lucknow,227101,0,10
23-11-2025,Uttar Pradesh,Lucknow,227308,0,10
23-11-2025,Uttar Pradesh,Lucknow,227309,0,7
15-11-2025,Uttar Pradesh,Lucknow,226003,13,323
15-11-2025,Uttar Pradesh,Lucknow,226004,0,30
15-11-2025,Uttar Pradesh,Lucknow,226007,2,10
15-11-2025,Uttar Pradesh,Lucknow,226013,0,4
15-11-2025,Uttar Pradesh,Lucknow,226017,3,50
15-11-2025,Uttar Pradesh,Lucknow,226022,3,37
15-11-2025,Uttar Pradesh,Lucknow,226028,3,39
15-11-2025,Uttar Pradesh,Lucknow,226029,0,15
15-11-2025,Uttar Pradesh,Lucknow,226030,0,3
15-11-2025,Uttar Pradesh,Lucknow,226203,0,2
15-11-2025,Uttar Pradesh,Lucknow,227101,0,27
15-11-2025,Uttar Pradesh,Lucknow,227111,3,46
15-11-2025,Uttar Pradesh,Lucknow,227308,2,18
15-11-2025,Uttar Pradesh,Lucknow,227309,1,20
20-11-2025,Uttar Pradesh,Lucknow,226007,1,17
20-11-2025,Uttar Pradesh,Lucknow,226014,0,4
20-11-2025,Uttar Pradesh,Lucknow,226019,0,4
20-11-2025,Uttar Pradesh,Lucknow,226024,1,20
20-11-2025,Uttar Pradesh,Lucknow,226031,0,4
20-11-2025,Uttar Pradesh,Lucknow,226101,5,32
20-11-2025,Uttar Pradesh,Lucknow,226102,2,7
20-11-2025,Uttar Pradesh,Lucknow,226201,0,4
20-11-2025,Uttar Pradesh,Lucknow,227107,2,88
01-11-2025,Uttar Pradesh,Lucknow,226001,3,28
01-11-2025,Uttar Pradesh,Lucknow,226008,4,32
01-11-2025,Uttar Pradesh,Lucknow,226016,5,52
01-11-2025,Uttar Pradesh,Lucknow,226019,0,2
01-11-2025,Uttar Pradesh,Lucknow,226022,1,29
01-11-2025,Uttar Pradesh,Lucknow,226031,1,2
01-11-2025,Uttar Pradesh,Lucknow,226201,0,3
01-11-2025,Uttar Pradesh,Lucknow,226302,0,2
01-11-2025,Uttar Pradesh,Lucknow,227116,2,19
01-11-2025,Uttar Pradesh,Lucknow,227205,2,37
30-10-2025,Uttar Pradesh,Lucknow,226009,0,1
30-10-2025,Uttar Pradesh,Lucknow,226010,2,22
30-10-2025,Uttar Pradesh,Lucknow,226013,0,3
30-10-2025,Uttar Pradesh,Lucknow,226016,7,21
30-10-2025,Uttar Pradesh,Lucknow,226020,3,39
30-10-2025,Uttar Pradesh,Lucknow,226021,1,34
30-10-2025,Uttar Pradesh,Lucknow,226025,0,10
30-10-2025,Uttar Pradesh,Lucknow,226030,2,3
30-10-2025,Uttar Pradesh,Lucknow,226102,0,1
30-10-2025,Uttar Pradesh,Lucknow,226302,1,1
30-10-2025,Uttar Pradesh,Lucknow,226401,1,4
30-10-2025,Uttar Pradesh,Lucknow,226501,0,2
30-10-2025,Uttar Pradesh,Lucknow,227308,2,12
29-10-2025,Uttar Pradesh,Lucknow,226003,0,141
29-10-2025,Uttar Pradesh,Lucknow,226004,0,41
29-10-2025,Uttar Pradesh,Lucknow,226007,1,13
29-10-2025,Uttar Pradesh,Lucknow,226011,2,24
29-10-2025,Uttar Pradesh,Lucknow,226024,1,20
29-10-2025,Uttar Pradesh,Lucknow,226028,1,45
29-10-2025,Uttar Pradesh,Lucknow,226029,0,3
29-10-2025,Uttar Pradesh,Lucknow,226203,0,3
29-10-2025,Uttar Pradesh,Lucknow,226401,0,7
29-10-2025,Uttar Pradesh,Lucknow,227116,0,19
29-10-2025,Uttar Pradesh,Lucknow,227202,2,30
29-10-2025,Uttar Pradesh,Lucknow,227205,1,51
24-11-2025,Uttar Pradesh,Lucknow,226006,0,14
24-11-2025,Uttar Pradesh,Lucknow,226007,0,12
24-11-2025,Uttar Pradesh,Lucknow,226014,0,2
24-11-2025,Uttar Pradesh,Lucknow,226015,0,11
24-11-2025,Uttar Pradesh,Lucknow,226024,0,10
24-11-2025,Uttar Pradesh,Lucknow,226025,0,5
24-11-2025,Uttar Pradesh,Lucknow,226026,1,11
24-11-2025,Uttar Pradesh,Lucknow,227107,2,53
24-11-2025,Uttar Pradesh,Lucknow,227202,0,16
24-11-2025,Uttar Pradesh,Lucknow,227205,4,18
24-11-2025,Uttar Pradesh,Lucknow,227207,0,1
24-11-2025,Uttar Pradesh,Lucknow,227309,2,20
25-11-2025,Uttar Pradesh,Lucknow,226020,2,135
25-11-2025,Uttar Pradesh,Lucknow,226023,1,13
25-11-2025,Uttar Pradesh,Lucknow,226025,0,18
25-11-2025,Uttar Pradesh,Lucknow,226102,1,7
25-11-2025,Uttar Pradesh,Lucknow,226201,0,3
25-11-2025,Uttar Pradesh,Lucknow,226401,1,8
25-11-2025,Uttar Pradesh,Lucknow,227101,0,21
25-11-2025,Uttar Pradesh,Lucknow,227107,1,50
25-11-2025,Uttar Pradesh,Lucknow,227111,2,31
26-11-2025,Uttar Pradesh,Lucknow,226001,1,48
26-11-2025,Uttar Pradesh,Lucknow,226002,4,68
26-11-2025,Uttar Pradesh,Lucknow,226009,2,6
26-11-2025,Uttar Pradesh,Lucknow,226010,1,54
26-11-2025,Uttar Pradesh,Lucknow,226012,0,26
26-11-2025,Uttar Pradesh,Lucknow,226018,0,42
26-11-2025,Uttar Pradesh,Lucknow,226025,2,18
26-11-2025,Uttar Pradesh,Lucknow,226026,0,14
26-11-2025,Uttar Pradesh,Lucknow,227101,0,22
26-11-2025,Uttar Pradesh,Lucknow,227308,0,24
01-12-2025,Uttar Pradesh,Lucknow,226008,1,38
01-12-2025,Uttar Pradesh,Lucknow,226014,0,4
01-12-2025,Uttar Pradesh,Lucknow,226020,2,133
01-12-2025,Uttar Pradesh,Lucknow,226021,6,97
01-12-2025,Uttar Pradesh,Lucknow,226023,4,27
01-12-2025,Uttar Pradesh,Lucknow,226103,0,1
01-12-2025,Uttar Pradesh,Lucknow,226201,0,3
01-12-2025,Uttar Pradesh,Lucknow,227101,0,19
01-12-2025,Uttar Pradesh,Lucknow,227116,1,29
01-12-2025,Uttar Pradesh,Lucknow,227202,0,35
01-12-2025,Uttar Pradesh,Lucknow,227205,2,42
01-12-2025,Uttar Pradesh,Lucknow,227309,1,32
02-12-2025,Uttar Pradesh,Lucknow,226008,2,46
02-12-2025,Uttar Pradesh,Lucknow,226009,0,5
02-12-2025,Uttar Pradesh,Lucknow,226011,0,23
02-12-2025,Uttar Pradesh,Lucknow,226012,0,33
02-12-2025,Uttar Pradesh,Lucknow,226016,2,65
02-12-2025,Uttar Pradesh,Lucknow,226017,6,104
02-12-2025,Uttar Pradesh,Lucknow,226025,2,20
02-12-2025,Uttar Pradesh,Lucknow,226102,1,5
02-12-2025,Uttar Pradesh,Lucknow,226301,0,13
02-12-2025,Uttar Pradesh,Lucknow,227101,1,15
28-11-2025,Uttar Pradesh,Lucknow,226005,0,32
28-11-2025,Uttar Pradesh,Lucknow,226012,1,29
28-11-2025,Uttar Pradesh,Lucknow,226017,3,92
28-11-2025,Uttar Pradesh,Lucknow,226019,0,1
28-11-2025,Uttar Pradesh,Lucknow,226021,3,103
28-11-2025,Uttar Pradesh,Lucknow,226026,1,24
28-11-2025,Uttar Pradesh,Lucknow,226028,2,82
28-11-2025,Uttar Pradesh,Lucknow,227116,4,15
28-11-2025,Uttar Pradesh,Lucknow,227202,2,30
28-11-2025,Uttar Pradesh,Lucknow,227305,0,46
28-11-2025,Uttar Pradesh,Lucknow,227308,3,26
27-11-2025,Uttar Pradesh,Lucknow,226001,1,74
27-11-2025,Uttar Pradesh,Lucknow,226002,2,77
27-11-2025,Uttar Pradesh,Lucknow,226010,3,58
27-11-2025,Uttar Pradesh,Lucknow,226013,0,7
27-11-2025,Uttar Pradesh,Lucknow,226016,3,88
27-11-2025,Uttar Pradesh,Lucknow,226025,0,17
27-11-2025,Uttar Pradesh,Lucknow,227308,3,33
29-11-2025,Uttar Pradesh,Lucknow,226001,2,51
29-11-2025,Uttar Pradesh,Lucknow,226006,1,19
29-11-2025,Uttar Pradesh,Lucknow,226007,0,4
29-11-2025,Uttar Pradesh,Lucknow,226008,2,36
29-11-2025,Uttar Pradesh,Lucknow,226009,0,1
29-11-2025,Uttar Pradesh,Lucknow,226013,0,5
29-11-2025,Uttar Pradesh,Lucknow,226014,0,5
29-11-2025,Uttar Pradesh,Lucknow,226017,1,83
29-11-2025,Uttar Pradesh,Lucknow,226019,0,2
29-11-2025,Uttar Pradesh,Lucknow,226028,5,52
29-11-2025,Uttar Pradesh,Lucknow,226201,0,3
29-11-2025,Uttar Pradesh,Lucknow,226203,0,1
29-11-2025,Uttar Pradesh,Lucknow,227107,2,77
29-11-2025,Uttar Pradesh,Lucknow,227305,0,45
29-11-2025,Uttar Pradesh,Lucknow,227309,0,20
30-11-2025,Uttar Pradesh,Lucknow,226004,0,13
30-11-2025,Uttar Pradesh,Lucknow,226005,0,14
30-11-2025,Uttar Pradesh,Lucknow,226008,3,19
30-11-2025,Uttar Pradesh,Lucknow,226012,1,8
30-11-2025,Uttar Pradesh,Lucknow,226016,0,31
30-11-2025,Uttar Pradesh,Lucknow,226021,0,39
30-11-2025,Uttar Pradesh,Lucknow,226303,0,1
30-11-2025,Uttar Pradesh,Lucknow,226501,0,2
01-03-2025,Uttar Pradesh,Lucknow,226018,50,489
01-03-2025,Uttar Pradesh,Lucknow,227202,71,1413
01-03-2025,Uttar Pradesh,Lucknow,226203,15,170
01-03-2025,Uttar Pradesh,Lucknow,227107,80,1764
01-03-2025,Uttar Pradesh,Lucknow,226302,11,149
01-03-2025,Uttar Pradesh,Lucknow,227309,25,678
01-03-2025,Uttar Pradesh,Lucknow,226001,107,839
01-04-2025,Uttar Pradesh,Lucknow,226002,240,1952
01-03-2025,Uttar Pradesh,Lucknow,226029,53,358
01-03-2025,Uttar Pradesh,Lucknow,226101,77,880
01-03-2025,Uttar Pradesh,Lucknow,227101,26,483
01-03-2025,Uttar Pradesh,Lucknow,226006,22,294
01-04-2025,Uttar Pradesh,Lucknow,226010,159,1284
01-07-2025,Uttar Pradesh,Lucknow,226010,136,1504
01-03-2025,Uttar Pradesh,Lucknow,226013,18,133
01-03-2025,Uttar Pradesh,Lucknow,227115,90,1476
01-09-2025,Uttar Pradesh,Lucknow,226004,1,35
01-09-2025,Uttar Pradesh,Lucknow,226007,2,5
01-09-2025,Uttar Pradesh,Lucknow,226010,6,32
01-09-2025,Uttar Pradesh,Lucknow,226014,0,2
01-09-2025,Uttar Pradesh,Lucknow,226016,1,54
01-09-2025,Uttar Pradesh,Lucknow,226017,4,64
01-09-2025,Uttar Pradesh,Lucknow,226028,4,29
01-09-2025,Uttar Pradesh,Lucknow,226102,0,4
01-09-2025,Uttar Pradesh,Lucknow,227105,3,11
01-09-2025,Uttar Pradesh,Lucknow,227107,7,81
02-09-2025,Uttar Pradesh,Lucknow,226005,2,44
02-09-2025,Uttar Pradesh,Lucknow,226008,6,38
02-09-2025,Uttar Pradesh,Lucknow,226019,0,3
02-09-2025,Uttar Pradesh,Lucknow,226024,1,15
02-09-2025,Uttar Pradesh,Lucknow,226025,2,9
02-09-2025,Uttar Pradesh,Lucknow,226201,0,4
02-09-2025,Uttar Pradesh,Lucknow,227205,7,70
02-09-2025,Uttar Pradesh,Lucknow,227308,3,42
03-09-2025,Uttar Pradesh,Lucknow,226001,3,32
03-09-2025,Uttar Pradesh,Lucknow,226003,13,135
03-09-2025,Uttar Pradesh,Lucknow,226005,6,39
03-09-2025,Uttar Pradesh,Lucknow,226009,1,3
03-09-2025,Uttar Pradesh,Lucknow,226015,0,5
03-09-2025,Uttar Pradesh,Lucknow,226020,1,48
03-09-2025,Uttar Pradesh,Lucknow,227107,8,77
03-09-2025,Uttar Pradesh,Lucknow,227115,11,66
03-09-2025,Uttar Pradesh,Lucknow,227305,12,77
03-09-2025,Uttar Pradesh,Lucknow,227309,2,24
05-09-2025,Uttar Pradesh,Lucknow,226002,1,59
05-09-2025,Uttar Pradesh,Lucknow,226010,3,17
05-09-2025,Uttar Pradesh,Lucknow,226013,0,2
05-09-2025,Uttar Pradesh,Lucknow,226018,0,6
05-09-2025,Uttar Pradesh,Lucknow,226022,0,14
05-09-2025,Uttar Pradesh,Lucknow,226028,3,22
05-09-2025,Uttar Pradesh,Lucknow,226031,0,3
05-09-2025,Uttar Pradesh,Lucknow,227111,2,7
05-09-2025,Uttar Pradesh,Lucknow,227116,2,12
05-09-2025,Uttar Pradesh,Lucknow,227205,4,32
05-09-2025,Uttar Pradesh,Lucknow,227308,1,24
04-09-2025,Uttar Pradesh,Lucknow,226002,11,72
04-09-2025,Uttar Pradesh,Lucknow,226004,2,44
04-09-2025,Uttar Pradesh,Lucknow,226011,5,23
04-09-2025,Uttar Pradesh,Lucknow,226015,0,4
04-09-2025,Uttar Pradesh,Lucknow,226018,1,24
04-09-2025,Uttar Pradesh,Lucknow,226026,2,10
04-09-2025,Uttar Pradesh,Lucknow,226102,0,3
04-09-2025,Uttar Pradesh,Lucknow,226302,0,4
04-09-2025,Uttar Pradesh,Lucknow,227101,2,25
04-09-2025,Uttar Pradesh,Lucknow,227202,4,38
04-09-2025,Uttar Pradesh,Lucknow,227308,4,38
07-09-2025,Uttar Pradesh,Lucknow,226004,0,7
07-09-2025,Uttar Pradesh,Lucknow,226006,0,4
07-09-2025,Uttar Pradesh,Lucknow,226017,1,23
07-09-2025,Uttar Pradesh,Lucknow,226202,0,1
07-09-2025,Uttar Pradesh,Lucknow,226501,1,5
07-09-2025,Uttar Pradesh,Lucknow,227101,4,13
07-09-2025,Uttar Pradesh,Lucknow,227125,6,16
07-09-2025,Uttar Pradesh,Lucknow,227309,1,7
06-09-2025,Uttar Pradesh,Lucknow,226002,10,46
06-09-2025,Uttar Pradesh,Lucknow,226009,0,1
06-09-2025,Uttar Pradesh,Lucknow,226019,0,1
06-09-2025,Uttar Pradesh,Lucknow,226023,0,13
06-09-2025,Uttar Pradesh,Lucknow,226026,2,8
06-09-2025,Uttar Pradesh,Lucknow,226101,3,12
06-09-2025,Uttar Pradesh,Lucknow,226501,0,2
09-09-2025,Uttar Pradesh,Lucknow,226005,4,50
09-09-2025,Uttar Pradesh,Lucknow,226008,4,33
09-09-2025,Uttar Pradesh,Lucknow,226010,3,51
09-09-2025,Uttar Pradesh,Lucknow,226014,1,2
09-09-2025,Uttar Pradesh,Lucknow,226024,3,23
09-09-2025,Uttar Pradesh,Lucknow,226203,0,5
09-09-2025,Uttar Pradesh,Lucknow,227202,2,37
09-09-2025,Uttar Pradesh,Lucknow,227308,6,35
08-09-2025,Uttar Pradesh,Lucknow,226003,10,127
08-09-2025,Uttar Pradesh,Lucknow,226008,5,36
08-09-2025,Uttar Pradesh,Lucknow,226013,0,9
08-09-2025,Uttar Pradesh,Lucknow,226018,2,24
08-09-2025,Uttar Pradesh,Lucknow,226020,12,46
08-09-2025,Uttar Pradesh,Lucknow,226024,1,21
08-09-2025,Uttar Pradesh,Lucknow,226025,3,19
08-09-2025,Uttar Pradesh,Lucknow,226401,8,10
08-09-2025,Uttar Pradesh,Lucknow,227101,12,42
08-09-2025,Uttar Pradesh,Lucknow,227105,1,18
10-09-2025,Uttar Pradesh,Lucknow,226001,4,35
10-09-2025,Uttar Pradesh,Lucknow,226003,15,163
10-09-2025,Uttar Pradesh,Lucknow,226013,1,1
10-09-2025,Uttar Pradesh,Lucknow,226020,6,38
10-09-2025,Uttar Pradesh,Lucknow,226201,0,1
10-09-2025,Uttar Pradesh,Lucknow,226302,0,3
10-09-2025,Uttar Pradesh,Lucknow,226303,0,1
10-09-2025,Uttar Pradesh,Lucknow,226401,1,5
10-09-2025,Uttar Pradesh,Lucknow,227105,2,25
10-09-2025,Uttar Pradesh,Lucknow,227115,8,58
10-09-2025,Uttar Pradesh,Lucknow,227116,3,20
10-09-2025,Uttar Pradesh,Lucknow,227309,2,18
11-09-2025,Uttar Pradesh,Lucknow,226001,2,43
11-09-2025,Uttar Pradesh,Lucknow,226002,10,88
11-09-2025,Uttar Pradesh,Lucknow,226019,0,4
11-09-2025,Uttar Pradesh,Lucknow,226104,0,1
11-09-2025,Uttar Pradesh,Lucknow,226302,1,3
11-09-2025,Uttar Pradesh,Lucknow,227115,11,63
11-09-2025,Uttar Pradesh,Lucknow,227125,6,44
11-09-2025,Uttar Pradesh,Lucknow,227205,4,73
12-09-2025,Uttar Pradesh,Lucknow,226001,6,37
12-09-2025,Uttar Pradesh,Lucknow,226002,12,142
12-09-2025,Uttar Pradesh,Lucknow,226003,9,97
12-09-2025,Uttar Pradesh,Lucknow,226008,4,30
12-09-2025,Uttar Pradesh,Lucknow,226028,4,41
12-09-2025,Uttar Pradesh,Lucknow,226201,0,2
12-09-2025,Uttar Pradesh,Lucknow,226401,0,11
12-09-2025,Uttar Pradesh,Lucknow,227107,10,52
12-09-2025,Uttar Pradesh,Lucknow,227125,4,44
12-09-2025,Uttar Pradesh,Lucknow,227205,2,39
12-09-2025,Uttar Pradesh,Lucknow,227207,0,1
12-09-2025,Uttar Pradesh,Lucknow,227309,7,53
13-09-2025,Uttar Pradesh,Lucknow,226001,4,26
13-09-2025,Uttar Pradesh,Lucknow,226002,10,87
13-09-2025,Uttar Pradesh,Lucknow,226011,1,11
13-09-2025,Uttar Pradesh,Lucknow,226020,7,53
13-09-2025,Uttar Pradesh,Lucknow,226025,4,15
13-09-2025,Uttar Pradesh,Lucknow,227101,0,9
13-09-2025,Uttar Pradesh,Lucknow,227115,8,72
13-09-2025,Uttar Pradesh,Lucknow,227116,2,23
13-09-2025,Uttar Pradesh,Lucknow,227305,4,34
15-09-2025,Uttar Pradesh,Lucknow,226008,6,37
15-09-2025,Uttar Pradesh,Lucknow,226012,4,22
15-09-2025,Uttar Pradesh,Lucknow,226024,1,8
15-09-2025,Uttar Pradesh,Lucknow,226025,2,20
15-09-2025,Uttar Pradesh,Lucknow,226028,5,23
15-09-2025,Uttar Pradesh,Lucknow,226401,1,6
15-09-2025,Uttar Pradesh,Lucknow,227107,3,84
15-09-2025,Uttar Pradesh,Lucknow,227125,9,57
15-09-2025,Uttar Pradesh,Lucknow,227305,6,44
15-09-2025,Uttar Pradesh,Lucknow,227308,3,26
14-09-2025,Uttar Pradesh,Lucknow,226003,6,53
14-09-2025,Uttar Pradesh,Lucknow,226004,2,11
14-09-2025,Uttar Pradesh,Lucknow,226010,3,10
14-09-2025,Uttar Pradesh,Lucknow,226015,0,3
14-09-2025,Uttar Pradesh,Lucknow,226018,1,1
14-09-2025,Uttar Pradesh,Lucknow,226023,1,7
14-09-2025,Uttar Pradesh,Lucknow,226025,1,6
14-09-2025,Uttar Pradesh,Lucknow,226301,1,3
14-09-2025,Uttar Pradesh,Lucknow,227111,6,11
14-09-2025,Uttar Pradesh,Lucknow,227205,2,8
16-09-2025,Uttar Pradesh,Lucknow,226005,2,32
16-09-2025,Uttar Pradesh,Lucknow,226024,1,23
16-09-2025,Uttar Pradesh,Lucknow,226029,0,11
16-09-2025,Uttar Pradesh,Lucknow,226203,0,3
16-09-2025,Uttar Pradesh,Lucknow,226301,1,9
16-09-2025,Uttar Pradesh,Lucknow,226302,1,4
16-09-2025,Uttar Pradesh,Lucknow,226401,3,11
16-09-2025,Uttar Pradesh,Lucknow,226501,0,8
16-09-2025,Uttar Pradesh,Lucknow,227101,1,17
16-09-2025,Uttar Pradesh,Lucknow,227111,6,36
16-09-2025,Uttar Pradesh,Lucknow,227202,2,31
16-09-2025,Uttar Pradesh,Lucknow,227305,10,57
17-09-2025,Uttar Pradesh,Lucknow,226003,10,103
17-09-2025,Uttar Pradesh,Lucknow,226006,0,8
17-09-2025,Uttar Pradesh,Lucknow,226015,1,2
17-09-2025,Uttar Pradesh,Lucknow,226018,1,21
17-09-2025,Uttar Pradesh,Lucknow,226025,0,5
17-09-2025,Uttar Pradesh,Lucknow,226029,2,6
17-09-2025,Uttar Pradesh,Lucknow,226030,1,3
17-09-2025,Uttar Pradesh,Lucknow,226101,1,12
17-09-2025,Uttar Pradesh,Lucknow,226102,1,1
17-09-2025,Uttar Pradesh,Lucknow,227101,0,15
17-09-2025,Uttar Pradesh,Lucknow,227107,5,49
18-09-2025,Uttar Pradesh,Lucknow,226012,0,9
18-09-2025,Uttar Pradesh,Lucknow,226022,0,19
18-09-2025,Uttar Pradesh,Lucknow,226026,2,14
18-09-2025,Uttar Pradesh,Lucknow,226030,0,1
18-09-2025,Uttar Pradesh,Lucknow,226102,2,4
18-09-2025,Uttar Pradesh,Lucknow,226401,3,9
18-09-2025,Uttar Pradesh,Lucknow,227115,11,58
18-09-2025,Uttar Pradesh,Lucknow,227116,3,21
18-09-2025,Uttar Pradesh,Lucknow,227308,2,35
19-09-2025,Uttar Pradesh,Lucknow,226004,2,37
19-09-2025,Uttar Pradesh,Lucknow,226015,1,3
19-09-2025,Uttar Pradesh,Lucknow,226019,0,1
19-09-2025,Uttar Pradesh,Lucknow,226031,1,4
19-09-2025,Uttar Pradesh,Lucknow,226301,0,12
19-09-2025,Uttar Pradesh,Lucknow,226501,2,9
19-09-2025,Uttar Pradesh,Lucknow,227101,0,32
19-09-2025,Uttar Pradesh,Lucknow,227107,5,60
19-09-2025,Uttar Pradesh,Lucknow,227111,6,28
19-09-2025,Uttar Pradesh,Lucknow,227202,4,28
20-09-2025,Uttar Pradesh,Lucknow,226002,3,49
20-09-2025,Uttar Pradesh,Lucknow,226005,0,20
20-09-2025,Uttar Pradesh,Lucknow,226014,0,6
20-09-2025,Uttar Pradesh,Lucknow,226019,0,1
20-09-2025,Uttar Pradesh,Lucknow,226029,0,5
20-09-2025,Uttar Pradesh,Lucknow,226202,0,1
20-09-2025,Uttar Pradesh,Lucknow,226501,0,8
20-09-2025,Uttar Pradesh,Lucknow,227115,3,52
20-09-2025,Uttar Pradesh,Lucknow,227205,4,55
20-09-2025,Uttar Pradesh,Lucknow,227308,3,36
13-10-2025,Uttar Pradesh,Lucknow,226009,0,1
13-10-2025,Uttar Pradesh,Lucknow,226011,0,3
13-10-2025,Uttar Pradesh,Lucknow,226018,0,11
13-10-2025,Uttar Pradesh,Lucknow,226024,0,4
13-10-2025,Uttar Pradesh,Lucknow,227205,1,25
15-10-2025,Uttar Pradesh,Lucknow,226008,5,36
15-10-2025,Uttar Pradesh,Lucknow,226011,1,24
15-10-2025,Uttar Pradesh,Lucknow,226016,2,51
15-10-2025,Uttar Pradesh,Lucknow,226301,2,12
15-10-2025,Uttar Pradesh,Lucknow,226401,0,11
15-10-2025,Uttar Pradesh,Lucknow,227115,9,38
15-10-2025,Uttar Pradesh,Lucknow,227308,2,26
26-10-2025,Uttar Pradesh,Lucknow,226005,2,22
26-10-2025,Uttar Pradesh,Lucknow,226006,0,8
26-10-2025,Uttar Pradesh,Lucknow,226011,0,14
26-10-2025,Uttar Pradesh,Lucknow,226015,0,4
26-10-2025,Uttar Pradesh,Lucknow,226018,0,22
26-10-2025,Uttar Pradesh,Lucknow,226030,0,2
26-10-2025,Uttar Pradesh,Lucknow,226401,2,3
26-10-2025,Uttar Pradesh,Lucknow,227101,1,11
26-10-2025,Uttar Pradesh,Lucknow,227125,1,35
26-10-2025,Uttar Pradesh,Lucknow,227205,1,35
26-10-2025,Uttar Pradesh,Lucknow,227309,1,32
19-10-2025,Uttar Pradesh,Lucknow,226010,8,25
19-10-2025,Uttar Pradesh,Lucknow,226011,2,15
19-10-2025,Uttar Pradesh,Lucknow,226014,0,4
19-10-2025,Uttar Pradesh,Lucknow,226017,7,39
19-10-2025,Uttar Pradesh,Lucknow,226025,2,7
19-10-2025,Uttar Pradesh,Lucknow,226028,8,29
19-10-2025,Uttar Pradesh,Lucknow,226101,0,13
21-10-2025,Uttar Pradesh,Lucknow,226003,5,18
21-10-2025,Uttar Pradesh,Lucknow,226006,0,4
21-10-2025,Uttar Pradesh,Lucknow,226008,1,4
21-10-2025,Uttar Pradesh,Lucknow,226020,4,11
21-10-2025,Uttar Pradesh,Lucknow,226023,0,5
21-10-2025,Uttar Pradesh,Lucknow,226102,0,1
21-10-2025,Uttar Pradesh,Lucknow,226201,0,3
21-10-2025,Uttar Pradesh,Lucknow,227111,1,6
21-10-2025,Uttar Pradesh,Lucknow,227202,0,1
20-10-2025,Uttar Pradesh,Lucknow,226005,2,7
20-10-2025,Uttar Pradesh,Lucknow,226006,0,2
20-10-2025,Uttar Pradesh,Lucknow,226021,2,4
20-10-2025,Uttar Pradesh,Lucknow,226028,0,10
20-10-2025,Uttar Pradesh,Lucknow,226301,0,2
20-10-2025,Uttar Pradesh,Lucknow,226401,1,2
20-10-2025,Uttar Pradesh,Lucknow,227205,0,2
22-10-2025,Uttar Pradesh,Lucknow,226002,0,1
22-10-2025,Uttar Pradesh,Lucknow,226014,1,0
22-10-2025,Uttar Pradesh,Lucknow,226201,0,1
22-10-2025,Uttar Pradesh,Lucknow,227111,1,0
23-10-2025,Uttar Pradesh,Lucknow,226004,1,4
23-10-2025,Uttar Pradesh,Lucknow,226005,0,3
23-10-2025,Uttar Pradesh,Lucknow,226010,3,5
23-10-2025,Uttar Pradesh,Lucknow,226011,2,4
23-10-2025,Uttar Pradesh,Lucknow,226019,0,1
23-10-2025,Uttar Pradesh,Lucknow,226025,0,1
23-10-2025,Uttar Pradesh,Lucknow,226029,1,1
23-10-2025,Uttar Pradesh,Lucknow,226101,0,3
23-10-2025,Uttar Pradesh,Lucknow,226401,0,2
27-10-2025,Uttar Pradesh,Lucknow,226005,0,15
27-10-2025,Uttar Pradesh,Lucknow,226006,1,3
27-10-2025,Uttar Pradesh,Lucknow,226007,1,4
27-10-2025,Uttar Pradesh,Lucknow,226008,0,16
27-10-2025,Uttar Pradesh,Lucknow,226011,1,5
27-10-2025,Uttar Pradesh,Lucknow,226021,1,17
27-10-2025,Uttar Pradesh,Lucknow,226025,0,9
27-10-2025,Uttar Pradesh,Lucknow,226031,0,1
27-10-2025,Uttar Pradesh,Lucknow,227111,1,11
27-10-2025,Uttar Pradesh,Lucknow,227205,4,15
16-10-2025,Uttar Pradesh,Lucknow,226004,7,42
16-10-2025,Uttar Pradesh,Lucknow,226008,7,33
16-10-2025,Uttar Pradesh,Lucknow,226013,3,10
16-10-2025,Uttar Pradesh,Lucknow,226019,0,1
16-10-2025,Uttar Pradesh,Lucknow,226020,4,59
16-10-2025,Uttar Pradesh,Lucknow,226029,1,10
16-10-2025,Uttar Pradesh,Lucknow,226102,1,7
16-10-2025,Uttar Pradesh,Lucknow,226203,0,1
16-10-2025,Uttar Pradesh,Lucknow,226301,0,11
16-10-2025,Uttar Pradesh,Lucknow,226401,4,12
16-10-2025,Uttar Pradesh,Lucknow,227308,2,20
16-10-2025,Uttar Pradesh,Lucknow,227309,3,25
17-10-2025,Uttar Pradesh,Lucknow,226001,3,20
17-10-2025,Uttar Pradesh,Lucknow,226031,0,2
17-10-2025,Uttar Pradesh,Lucknow,226302,0,1
17-10-2025,Uttar Pradesh,Lucknow,226303,0,1
17-10-2025,Uttar Pradesh,Lucknow,226501,1,4
17-10-2025,Uttar Pradesh,Lucknow,227107,2,49
17-10-2025,Uttar Pradesh,Lucknow,227205,0,32
17-10-2025,Uttar Pradesh,Lucknow,227305,0,43
17-10-2025,Uttar Pradesh,Lucknow,227308,2,23
18-10-2025,Uttar Pradesh,Lucknow,226003,7,105
18-10-2025,Uttar Pradesh,Lucknow,226013,0,2
18-10-2025,Uttar Pradesh,Lucknow,226014,1,1
18-10-2025,Uttar Pradesh,Lucknow,226016,7,41
18-10-2025,Uttar Pradesh,Lucknow,226401,3,7
18-10-2025,Uttar Pradesh,Lucknow,227115,5,46
18-10-2025,Uttar Pradesh,Lucknow,227116,2,17
24-10-2025,Uttar Pradesh,Lucknow,226001,4,21
24-10-2025,Uttar Pradesh,Lucknow,226011,0,9
24-10-2025,Uttar Pradesh,Lucknow,226201,0,2
24-10-2025,Uttar Pradesh,Lucknow,226203,0,1
24-10-2025,Uttar Pradesh,Lucknow,226401,1,10
24-10-2025,Uttar Pradesh,Lucknow,227101,0,5
24-10-2025,Uttar Pradesh,Lucknow,227107,4,15
24-10-2025,Uttar Pradesh,Lucknow,227116,1,11
25-10-2025,Uttar Pradesh,Lucknow,226003,5,60
25-10-2025,Uttar Pradesh,Lucknow,226009,1,3
25-10-2025,Uttar Pradesh,Lucknow,226012,0,11
25-10-2025,Uttar Pradesh,Lucknow,226014,1,5
25-10-2025,Uttar Pradesh,Lucknow,226020,0,19
25-10-2025,Uttar Pradesh,Lucknow,226028,4,14
25-10-2025,Uttar Pradesh,Lucknow,226102,0,2
25-10-2025,Uttar Pradesh,Lucknow,226203,0,1
25-10-2025,Uttar Pradesh,Lucknow,227111,1,18
29-10-2025,Uttar Pradesh,Lucknow,226303,0,1
28-10-2025,Uttar Pradesh,Lucknow,226001,3,31
28-10-2025,Uttar Pradesh,Lucknow,226002,3,65
28-10-2025,Uttar Pradesh,Lucknow,226004,0,34
28-10-2025,Uttar Pradesh,Lucknow,226016,0,31
28-10-2025,Uttar Pradesh,Lucknow,226017,1,47
28-10-2025,Uttar Pradesh,Lucknow,226019,0,3
28-10-2025,Uttar Pradesh,Lucknow,226023,1,11
28-10-2025,Uttar Pradesh,Lucknow,226029,0,8
28-10-2025,Uttar Pradesh,Lucknow,227115,1,38
28-10-2025,Uttar Pradesh,Lucknow,227202,0,20
31-10-2025,Uttar Pradesh,Lucknow,226302,0,3
05-11-2025,Uttar Pradesh,Lucknow,226303,0,1
06-11-2025,Uttar Pradesh,Lucknow,226104,1,0
07-11-2025,Uttar Pradesh,Lucknow,226202,0,2
11-11-2025,Uttar Pradesh,Lucknow,226303,0,1
06-11-2025,Uttar Pradesh,Lucknow,226005,1,34
06-11-2025,Uttar Pradesh,Lucknow,226007,0,7
06-11-2025,Uttar Pradesh,Lucknow,226014,0,3
06-11-2025,Uttar Pradesh,Lucknow,226015,0,5
06-11-2025,Uttar Pradesh,Lucknow,226016,1,33
06-11-2025,Uttar Pradesh,Lucknow,226020,3,56
06-11-2025,Uttar Pradesh,Lucknow,226021,2,47
06-11-2025,Uttar Pradesh,Lucknow,226022,0,36
06-11-2025,Uttar Pradesh,Lucknow,226025,2,17
06-11-2025,Uttar Pradesh,Lucknow,226031,1,1
06-11-2025,Uttar Pradesh,Lucknow,226301,1,7
06-11-2025,Uttar Pradesh,Lucknow,226401,0,14
06-11-2025,Uttar Pradesh,Lucknow,227115,0,41
06-11-2025,Uttar Pradesh,Lucknow,227305,1,42
05-11-2025,Uttar Pradesh,Lucknow,226013,0,7
05-11-2025,Uttar Pradesh,Lucknow,226014,0,3
05-11-2025,Uttar Pradesh,Lucknow,226401,0,5
05-11-2025,Uttar Pradesh,Lucknow,227101,0,14
05-11-2025,Uttar Pradesh,Lucknow,227115,1,16
05-11-2025,Uttar Pradesh,Lucknow,227309,0,3
07-11-2025,Uttar Pradesh,Lucknow,226007,0,8
07-11-2025,Uttar Pradesh,Lucknow,226008,2,30
07-11-2025,Uttar Pradesh,Lucknow,226010,5,41
07-11-2025,Uttar Pradesh,Lucknow,226011,3,25
07-11-2025,Uttar Pradesh,Lucknow,226015,0,2
07-11-2025,Uttar Pradesh,Lucknow,227101,1,12
07-11-2025,Uttar Pradesh,Lucknow,227202,0,37
07-11-2025,Uttar Pradesh,Lucknow,227207,0,3
07-11-2025,Uttar Pradesh,Lucknow,227308,0,22
10-11-2025,Uttar Pradesh,Lucknow,226002,8,64
10-11-2025,Uttar Pradesh,Lucknow,226005,1,32
10-11-2025,Uttar Pradesh,Lucknow,226018,2,36
10-11-2025,Uttar Pradesh,Lucknow,226019,0,1
10-11-2025,Uttar Pradesh,Lucknow,226026,1,16
10-11-2025,Uttar Pradesh,Lucknow,226401,0,2
10-11-2025,Uttar Pradesh,Lucknow,227207,0,1
10-11-2025,Uttar Pradesh,Lucknow,227305,3,47
10-11-2025,Uttar Pradesh,Lucknow,227308,0,18
11-11-2025,Uttar Pradesh,Lucknow,226007,0,4
11-11-2025,Uttar Pradesh,Lucknow,226014,0,1
11-11-2025,Uttar Pradesh,Lucknow,226029,0,11
11-11-2025,Uttar Pradesh,Lucknow,226101,5,24
11-11-2025,Uttar Pradesh,Lucknow,226201,0,1
11-11-2025,Uttar Pradesh,Lucknow,226401,0,5
11-11-2025,Uttar Pradesh,Lucknow,227111,2,39
11-11-2025,Uttar Pradesh,Lucknow,227132,0,1
06-12-2025,Uttar Pradesh,Lucknow,226008,3,27
06-12-2025,Uttar Pradesh,Lucknow,226018,2,38
06-12-2025,Uttar Pradesh,Lucknow,226023,1,21
06-12-2025,Uttar Pradesh,Lucknow,226102,0,10
06-12-2025,Uttar Pradesh,Lucknow,227202,3,17
06-12-2025,Uttar Pradesh,Lucknow,227205,4,53
07-12-2025,Uttar Pradesh,Lucknow,226003,3,179
07-12-2025,Uttar Pradesh,Lucknow,226008,0,14
07-12-2025,Uttar Pradesh,Lucknow,226013,0,2
07-12-2025,Uttar Pradesh,Lucknow,226014,0,1
07-12-2025,Uttar Pradesh,Lucknow,226017,1,57
07-12-2025,Uttar Pradesh,Lucknow,226018,2,14
07-12-2025,Uttar Pradesh,Lucknow,226020,2,53
07-12-2025,Uttar Pradesh,Lucknow,226024,0,3
07-12-2025,Uttar Pradesh,Lucknow,226028,1,22
07-12-2025,Uttar Pradesh,Lucknow,226102,0,1
07-12-2025,Uttar Pradesh,Lucknow,226301,0,3
07-12-2025,Uttar Pradesh,Lucknow,226501,0,3
07-12-2025,Uttar Pradesh,Lucknow,227101,0,5
07-12-2025,Uttar Pradesh,Lucknow,227305,1,9
07-12-2025,Uttar Pradesh,Lucknow,227308,4,16
04-11-2025,Uttar Pradesh,Lucknow,226001,3,43
04-11-2025,Uttar Pradesh,Lucknow,226005,3,36
04-11-2025,Uttar Pradesh,Lucknow,226022,0,29
04-11-2025,Uttar Pradesh,Lucknow,226028,4,48
04-11-2025,Uttar Pradesh,Lucknow,226031,0,2
04-11-2025,Uttar Pradesh,Lucknow,226401,3,10
04-11-2025,Uttar Pradesh,Lucknow,227115,0,40
04-11-2025,Uttar Pradesh,Lucknow,227116,0,27
04-11-2025,Uttar Pradesh,Lucknow,227205,4,42
04-11-2025,Uttar Pradesh,Lucknow,227308,1,17
08-11-2025,Uttar Pradesh,Lucknow,226003,7,132
08-11-2025,Uttar Pradesh,Lucknow,226004,2,28
08-11-2025,Uttar Pradesh,Lucknow,226007,2,7
08-11-2025,Uttar Pradesh,Lucknow,226008,2,23
08-11-2025,Uttar Pradesh,Lucknow,226013,1,7
08-11-2025,Uttar Pradesh,Lucknow,226018,1,26
08-11-2025,Uttar Pradesh,Lucknow,226019,0,1
08-11-2025,Uttar Pradesh,Lucknow,226022,1,29
08-11-2025,Uttar Pradesh,Lucknow,226026,2,14
08-11-2025,Uttar Pradesh,Lucknow,226302,0,1
08-11-2025,Uttar Pradesh,Lucknow,226401,0,8
09-11-2025,Uttar Pradesh,Lucknow,226023,0,6
09-11-2025,Uttar Pradesh,Lucknow,226024,0,1
09-11-2025,Uttar Pradesh,Lucknow,226026,2,4
09-11-2025,Uttar Pradesh,Lucknow,226028,1,20
09-11-2025,Uttar Pradesh,Lucknow,226501,1,12
09-11-2025,Uttar Pradesh,Lucknow,227107,0,14
09-11-2025,Uttar Pradesh,Lucknow,227115,0,11
09-11-2025,Uttar Pradesh,Lucknow,227116,1,5
09-11-2025,Uttar Pradesh,Lucknow,227202,0,11
09-11-2025,Uttar Pradesh,Lucknow,227309,0,1
12-11-2025,Uttar Pradesh,Lucknow,226004,1,47
12-11-2025,Uttar Pradesh,Lucknow,226007,0,5
12-11-2025,Uttar Pradesh,Lucknow,226012,1,23
12-11-2025,Uttar Pradesh,Lucknow,226014,0,1
12-11-2025,Uttar Pradesh,Lucknow,226017,3,69
12-11-2025,Uttar Pradesh,Lucknow,226023,3,14
12-11-2025,Uttar Pradesh,Lucknow,226026,1,15
12-11-2025,Uttar Pradesh,Lucknow,226029,1,9
12-11-2025,Uttar Pradesh,Lucknow,226203,0,2
12-11-2025,Uttar Pradesh,Lucknow,226301,2,7
12-11-2025,Uttar Pradesh,Lucknow,226501,0,7
12-11-2025,Uttar Pradesh,Lucknow,227116,3,19
12-11-2025,Uttar Pradesh,Lucknow,227125,0,27
12-11-2025,Uttar Pradesh,Lucknow,227305,2,40
12-11-2025,Uttar Pradesh,Lucknow,227309,0,24
14-11-2025,Uttar Pradesh,Lucknow,226005,2,39
14-11-2025,Uttar Pradesh,Lucknow,226016,3,47
14-11-2025,Uttar Pradesh,Lucknow,226025,1,11
14-11-2025,Uttar Pradesh,Lucknow,226026,0,24
14-11-2025,Uttar Pradesh,Lucknow,226031,0,2
14-11-2025,Uttar Pradesh,Lucknow,226201,0,3
14-11-2025,Uttar Pradesh,Lucknow,226501,2,0
14-11-2025,Uttar Pradesh,Lucknow,227105,1,23
14-11-2025,Uttar Pradesh,Lucknow,227202,4,23
14-11-2025,Uttar Pradesh,Lucknow,227205,1,37
14-11-2025,Uttar Pradesh,Lucknow,227309,1,17
13-11-2025,Uttar Pradesh,Lucknow,226002,5,64
13-11-2025,Uttar Pradesh,Lucknow,226010,6,50
13-11-2025,Uttar Pradesh,Lucknow,226016,4,50
13-11-2025,Uttar Pradesh,Lucknow,226017,10,64
13-11-2025,Uttar Pradesh,Lucknow,226020,7,90
13-11-2025,Uttar Pradesh,Lucknow,226203,0,3
13-11-2025,Uttar Pradesh,Lucknow,227107,2,51
13-11-2025,Uttar Pradesh,Lucknow,227111,1,33
13-11-2025,Uttar Pradesh,Lucknow,227116,2,16
28-12-2025,Uttar Pradesh,Lucknow,226007,0,9
28-12-2025,Uttar Pradesh,Lucknow,226008,2,41
28-12-2025,Uttar Pradesh,Lucknow,226015,1,6
28-12-2025,Uttar Pradesh,Lucknow,226016,5,58
28-12-2025,Uttar Pradesh,Lucknow,226030,0,5
28-12-2025,Uttar Pradesh,Lucknow,226031,1,9
28-12-2025,Uttar Pradesh,Lucknow,226102,0,3
28-12-2025,Uttar Pradesh,Lucknow,226203,0,5
28-12-2025,Uttar Pradesh,Lucknow,227116,1,7
31-12-2025,Uttar Pradesh,Lucknow,226013,0,5
31-12-2025,Uttar Pradesh,Lucknow,226017,4,66
31-12-2025,Uttar Pradesh,Lucknow,226024,0,15
31-12-2025,Uttar Pradesh,Lucknow,226031,0,4
31-12-2025,Uttar Pradesh,Lucknow,226203,0,2
31-12-2025,Uttar Pradesh,Lucknow,226501,0,7
31-12-2025,Uttar Pradesh,Lucknow,227101,0,19
31-12-2025,Uttar Pradesh,Lucknow,227116,3,30
29-12-2025,Uttar Pradesh,Lucknow,226002,5,87
29-12-2025,Uttar Pradesh,Lucknow,226005,3,46
29-12-2025,Uttar Pradesh,Lucknow,226009,1,3
29-12-2025,Uttar Pradesh,Lucknow,226012,2,27
29-12-2025,Uttar Pradesh,Lucknow,226015,0,3
29-12-2025,Uttar Pradesh,Lucknow,226026,0,20
29-12-2025,Uttar Pradesh,Lucknow,226030,0,8
29-12-2025,Uttar Pradesh,Lucknow,226101,3,33
29-12-2025,Uttar Pradesh,Lucknow,227116,1,20
01-01-2026,Uttar Pradesh,Lucknow,226001,1,55
01-01-2026,Uttar Pradesh,Lucknow,226013,1,4
01-01-2026,Uttar Pradesh,Lucknow,226014,0,3
01-01-2026,Uttar Pradesh,Lucknow,226021,2,52
01-01-2026,Uttar Pradesh,Lucknow,226022,1,26
01-01-2026,Uttar Pradesh,Lucknow,226023,0,21
01-01-2026,Uttar Pradesh,Lucknow,226201,0,1
01-01-2026,Uttar Pradesh,Lucknow,226203,0,2
01-01-2026,Uttar Pradesh,Lucknow,226401,0,8
02-01-2026,Uttar Pradesh,Lucknow,226005,6,27
02-01-2026,Uttar Pradesh,Lucknow,226007,0,6
02-01-2026,Uttar Pradesh,Lucknow,226011,1,24
02-01-2026,Uttar Pradesh,Lucknow,226017,4,44
02-01-2026,Uttar Pradesh,Lucknow,226028,4,56
02-01-2026,Uttar Pradesh,Lucknow,226029,3,12
02-01-2026,Uttar Pradesh,Lucknow,226030,3,7
02-01-2026,Uttar Pradesh,Lucknow,226202,0,1
02-01-2026,Uttar Pradesh,Lucknow,226303,0,1
03-01-2026,Uttar Pradesh,Lucknow,226007,0,2
03-01-2026,Uttar Pradesh,Lucknow,226017,1,12
03-01-2026,Uttar Pradesh,Lucknow,226020,2,22
03-01-2026,Uttar Pradesh,Lucknow,226201,0,1
03-01-2026,Uttar Pradesh,Lucknow,227125,2,4
03-01-2026,Uttar Pradesh,Lucknow,227205,0,11
25-11-2025,Uttar Pradesh,Lucknow,226302,0,1
21-12-2025,Uttar Pradesh,Lucknow,226202,0,1
21-12-2025,Uttar Pradesh,Lucknow,226302,0,3
23-12-2025,Uttar Pradesh,Lucknow,226017,6,91
23-12-2025,Uttar Pradesh,Lucknow,226019,0,3
23-12-2025,Uttar Pradesh,Lucknow,226029,4,24
23-12-2025,Uttar Pradesh,Lucknow,226030,0,2
23-12-2025,Uttar Pradesh,Lucknow,226302,0,4
24-12-2025,Uttar Pradesh,Lucknow,226011,2,24
24-12-2025,Uttar Pradesh,Lucknow,226015,1,10
24-12-2025,Uttar Pradesh,Lucknow,226016,4,69
24-12-2025,Uttar Pradesh,Lucknow,226018,2,50
24-12-2025,Uttar Pradesh,Lucknow,226026,2,29
24-12-2025,Uttar Pradesh,Lucknow,226028,9,63
25-12-2025,Uttar Pradesh,Lucknow,226002,1,25
25-12-2025,Uttar Pradesh,Lucknow,226007,0,1
25-12-2025,Uttar Pradesh,Lucknow,226008,1,17
25-12-2025,Uttar Pradesh,Lucknow,226014,0,6
25-12-2025,Uttar Pradesh,Lucknow,226021,2,37
25-12-2025,Uttar Pradesh,Lucknow,226028,5,29
25-12-2025,Uttar Pradesh,Lucknow,226102,0,5
25-12-2025,Uttar Pradesh,Lucknow,226302,0,1
25-12-2025,Uttar Pradesh,Lucknow,227101,0,12
25-12-2025,Uttar Pradesh,Lucknow,227105,0,6
25-12-2025,Uttar Pradesh,Lucknow,227115,0,23
25-12-2025,Uttar Pradesh,Lucknow,227205,0,21
26-12-2025,Uttar Pradesh,Lucknow,226003,9,252
26-12-2025,Uttar Pradesh,Lucknow,226006,1,13
26-12-2025,Uttar Pradesh,Lucknow,226009,0,1
26-12-2025,Uttar Pradesh,Lucknow,226013,0,8
26-12-2025,Uttar Pradesh,Lucknow,226017,7,62
26-12-2025,Uttar Pradesh,Lucknow,226024,0,19
26-12-2025,Uttar Pradesh,Lucknow,226026,0,29
26-12-2025,Uttar Pradesh,Lucknow,226101,7,47
26-12-2025,Uttar Pradesh,Lucknow,226201,1,5
26-12-2025,Uttar Pradesh,Lucknow,226301,1,11
26-12-2025,Uttar Pradesh,Lucknow,226302,0,4
26-12-2025,Uttar Pradesh,Lucknow,226401,1,4
26-12-2025,Uttar Pradesh,Lucknow,227101,0,26
26-12-2025,Uttar Pradesh,Lucknow,227202,2,37
26-12-2025,Uttar Pradesh,Lucknow,227207,0,1
27-12-2025,Uttar Pradesh,Lucknow,226004,2,46
27-12-2025,Uttar Pradesh,Lucknow,226005,2,46
27-12-2025,Uttar Pradesh,Lucknow,226015,1,3
27-12-2025,Uttar Pradesh,Lucknow,226019,0,1
27-12-2025,Uttar Pradesh,Lucknow,226020,5,87
27-12-2025,Uttar Pradesh,Lucknow,226023,3,8
27-12-2025,Uttar Pradesh,Lucknow,226026,2,14
27-12-2025,Uttar Pradesh,Lucknow,226203,0,6
27-12-2025,Uttar Pradesh,Lucknow,227308,1,27
18-12-2025,Uttar Pradesh,Lucknow,226002,5,104
18-12-2025,Uttar Pradesh,Lucknow,226010,2,64
18-12-2025,Uttar Pradesh,Lucknow,226015,0,6
18-12-2025,Uttar Pradesh,Lucknow,226017,6,83
18-12-2025,Uttar Pradesh,Lucknow,226021,8,92
18-12-2025,Uttar Pradesh,Lucknow,226029,1,15
18-12-2025,Uttar Pradesh,Lucknow,226301,1,12
18-12-2025,Uttar Pradesh,Lucknow,227101,1,21
18-12-2025,Uttar Pradesh,Lucknow,227107,5,69
18-12-2025,Uttar Pradesh,Lucknow,227111,4,41
18-12-2025,Uttar Pradesh,Lucknow,227305,2,56
18-12-2025,Uttar Pradesh,Lucknow,227308,4,33
19-12-2025,Uttar Pradesh,Lucknow,226003,27,293
19-12-2025,Uttar Pradesh,Lucknow,226011,1,24
19-12-2025,Uttar Pradesh,Lucknow,226013,1,8
19-12-2025,Uttar Pradesh,Lucknow,226022,4,31
19-12-2025,Uttar Pradesh,Lucknow,226024,2,13
19-12-2025,Uttar Pradesh,Lucknow,226030,0,5
19-12-2025,Uttar Pradesh,Lucknow,226301,1,8
19-12-2025,Uttar Pradesh,Lucknow,226302,0,5
19-12-2025,Uttar Pradesh,Lucknow,227115,7,49
19-12-2025,Uttar Pradesh,Lucknow,227202,0,44
20-12-2025,Uttar Pradesh,Lucknow,226002,6,62
20-12-2025,Uttar Pradesh,Lucknow,226004,2,31
20-12-2025,Uttar Pradesh,Lucknow,226020,3,69
20-12-2025,Uttar Pradesh,Lucknow,226024,1,18
20-12-2025,Uttar Pradesh,Lucknow,226029,0,16
20-12-2025,Uttar Pradesh,Lucknow,226401,0,5
20-12-2025,Uttar Pradesh,Lucknow,227101,0,13
20-12-2025,Uttar Pradesh,Lucknow,227107,5,46
20-12-2025,Uttar Pradesh,Lucknow,227115,1,16
20-12-2025,Uttar Pradesh,Lucknow,227308,3,17
16-11-2025,Uttar Pradesh,Lucknow,226202,0,1
18-11-2025,Uttar Pradesh,Lucknow,227132,0,1
19-11-2025,Uttar Pradesh,Lucknow,226303,0,1
02-12-2025,Uttar Pradesh,Lucknow,226103,0,1
07-12-2025,Uttar Pradesh,Lucknow,226302,0,2
10-12-2025,Uttar Pradesh,Lucknow,226303,0,1
14-12-2025,Uttar Pradesh,Lucknow,226009,0,2
21-12-2025,Uttar Pradesh,Lucknow,226007,0,1
21-12-2025,Uttar Pradesh,Lucknow,226014,1,1
21-12-2025,Uttar Pradesh,Lucknow,226016,0,31
21-12-2025,Uttar Pradesh,Lucknow,226018,0,5
21-12-2025,Uttar Pradesh,Lucknow,226020,2,38
21-12-2025,Uttar Pradesh,Lucknow,226201,0,2
21-12-2025,Uttar Pradesh,Lucknow,227105,0,2
21-12-2025,Uttar Pradesh,Lucknow,227202,0,13
21-12-2025,Uttar Pradesh,Lucknow,227309,0,3
22-12-2025,Uttar Pradesh,Lucknow,226002,8,84
22-12-2025,Uttar Pradesh,Lucknow,226007,0,12
22-12-2025,Uttar Pradesh,Lucknow,226009,0,6
22-12-2025,Uttar Pradesh,Lucknow,226011,0,25
22-12-2025,Uttar Pradesh,Lucknow,226014,0,4
22-12-2025,Uttar Pradesh,Lucknow,226101,7,30
22-12-2025,Uttar Pradesh,Lucknow,227116,1,17
22-12-2025,Uttar Pradesh,Lucknow,227309,1,17
13-12-2025,Uttar Pradesh,Lucknow,226002,3,60
13-12-2025,Uttar Pradesh,Lucknow,226008,1,36
13-12-2025,Uttar Pradesh,Lucknow,226017,6,84
13-12-2025,Uttar Pradesh,Lucknow,226024,2,17
13-12-2025,Uttar Pradesh,Lucknow,226029,2,19
13-12-2025,Uttar Pradesh,Lucknow,226030,4,10
13-12-2025,Uttar Pradesh,Lucknow,226201,0,5
13-12-2025,Uttar Pradesh,Lucknow,226203,1,2
13-12-2025,Uttar Pradesh,Lucknow,226302,0,3
15-12-2025,Uttar Pradesh,Lucknow,226006,1,17
15-12-2025,Uttar Pradesh,Lucknow,226007,0,10
15-12-2025,Uttar Pradesh,Lucknow,226008,4,42
15-12-2025,Uttar Pradesh,Lucknow,226010,6,63
15-12-2025,Uttar Pradesh,Lucknow,226202,2,0
15-12-2025,Uttar Pradesh,Lucknow,226301,1,20
15-12-2025,Uttar Pradesh,Lucknow,227125,3,64
14-12-2025,Uttar Pradesh,Lucknow,226005,0,13
14-12-2025,Uttar Pradesh,Lucknow,226006,0,3
14-12-2025,Uttar Pradesh,Lucknow,226010,3,18
14-12-2025,Uttar Pradesh,Lucknow,226013,3,6
14-12-2025,Uttar Pradesh,Lucknow,226016,2,42
14-12-2025,Uttar Pradesh,Lucknow,226201,1,5
14-12-2025,Uttar Pradesh,Lucknow,226202,0,1
14-12-2025,Uttar Pradesh,Lucknow,226401,0,9
14-12-2025,Uttar Pradesh,Lucknow,227101,0,12
16-12-2025,Uttar Pradesh,Lucknow,226001,6,60
16-12-2025,Uttar Pradesh,Lucknow,226004,2,54
16-12-2025,Uttar Pradesh,Lucknow,226010,1,78
16-12-2025,Uttar Pradesh,Lucknow,226012,2,44
16-12-2025,Uttar Pradesh,Lucknow,226020,11,98
16-12-2025,Uttar Pradesh,Lucknow,226031,3,12
16-12-2025,Uttar Pradesh,Lucknow,226401,4,8
16-12-2025,Uttar Pradesh,Lucknow,227115,4,39
16-12-2025,Uttar Pradesh,Lucknow,227116,1,17
16-12-2025,Uttar Pradesh,Lucknow,227202,4,42
16-12-2025,Uttar Pradesh,Lucknow,227305,1,55
17-12-2025,Uttar Pradesh,Lucknow,226002,4,92
17-12-2025,Uttar Pradesh,Lucknow,226008,3,30
17-12-2025,Uttar Pradesh,Lucknow,226014,0,2
17-12-2025,Uttar Pradesh,Lucknow,226020,1,74
17-12-2025,Uttar Pradesh,Lucknow,226021,7,60
17-12-2025,Uttar Pradesh,Lucknow,226101,5,37
17-12-2025,Uttar Pradesh,Lucknow,226203,1,4
17-12-2025,Uttar Pradesh,Lucknow,226302,0,4
17-12-2025,Uttar Pradesh,Lucknow,226401,1,10
17-12-2025,Uttar Pradesh,Lucknow,227202,3,39
08-12-2025,Uttar Pradesh,Lucknow,226004,4,59
08-12-2025,Uttar Pradesh,Lucknow,226014,0,5
08-12-2025,Uttar Pradesh,Lucknow,226015,1,3
08-12-2025,Uttar Pradesh,Lucknow,226021,1,98
08-12-2025,Uttar Pradesh,Lucknow,226026,0,18
08-12-2025,Uttar Pradesh,Lucknow,226028,4,54
08-12-2025,Uttar Pradesh,Lucknow,226301,1,20
08-12-2025,Uttar Pradesh,Lucknow,227107,2,72
08-12-2025,Uttar Pradesh,Lucknow,227116,0,18
08-12-2025,Uttar Pradesh,Lucknow,227202,0,39
08-12-2025,Uttar Pradesh,Lucknow,227309,3,29
09-12-2025,Uttar Pradesh,Lucknow,226003,8,425
09-12-2025,Uttar Pradesh,Lucknow,226011,0,31
09-12-2025,Uttar Pradesh,Lucknow,226013,0,7
09-12-2025,Uttar Pradesh,Lucknow,226017,8,121
09-12-2025,Uttar Pradesh,Lucknow,226022,2,43
09-12-2025,Uttar Pradesh,Lucknow,226029,1,33
09-12-2025,Uttar Pradesh,Lucknow,226203,0,3
09-12-2025,Uttar Pradesh,Lucknow,226301,2,16
09-12-2025,Uttar Pradesh,Lucknow,226501,0,5
09-12-2025,Uttar Pradesh,Lucknow,227105,1,18
09-12-2025,Uttar Pradesh,Lucknow,227107,2,64
09-12-2025,Uttar Pradesh,Lucknow,227115,4,63
09-12-2025,Uttar Pradesh,Lucknow,227125,2,60
09-12-2025,Uttar Pradesh,Lucknow,227305,2,60
10-12-2025,Uttar Pradesh,Lucknow,226003,12,471
10-12-2025,Uttar Pradesh,Lucknow,226007,1,7
10-12-2025,Uttar Pradesh,Lucknow,226010,3,53
10-12-2025,Uttar Pradesh,Lucknow,226021,2,120
10-12-2025,Uttar Pradesh,Lucknow,226022,5,55
10-12-2025,Uttar Pradesh,Lucknow,226023,1,21
10-12-2025,Uttar Pradesh,Lucknow,226029,2,25
10-12-2025,Uttar Pradesh,Lucknow,227111,0,40
10-12-2025,Uttar Pradesh,Lucknow,227116,1,20
10-12-2025,Uttar Pradesh,Lucknow,227125,2,47
11-12-2025,Uttar Pradesh,Lucknow,226005,1,43
11-12-2025,Uttar Pradesh,Lucknow,226007,0,18
11-12-2025,Uttar Pradesh,Lucknow,227202,5,51
11-12-2025,Uttar Pradesh,Lucknow,227305,4,71
12-12-2025,Uttar Pradesh,Lucknow,226001,1,68
12-12-2025,Uttar Pradesh,Lucknow,226002,9,115
12-12-2025,Uttar Pradesh,Lucknow,226019,0,2
12-12-2025,Uttar Pradesh,Lucknow,226020,4,116
12-12-2025,Uttar Pradesh,Lucknow,226202,0,2
12-12-2025,Uttar Pradesh,Lucknow,226501,1,7
12-12-2025,Uttar Pradesh,Lucknow,227116,0,18
03-12-2025,Uttar Pradesh,Lucknow,226001,1,56
03-12-2025,Uttar Pradesh,Lucknow,226005,1,49
03-12-2025,Uttar Pradesh,Lucknow,226007,0,4
03-12-2025,Uttar Pradesh,Lucknow,226008,6,36
03-12-2025,Uttar Pradesh,Lucknow,226012,1,41
03-12-2025,Uttar Pradesh,Lucknow,226016,2,61
03-12-2025,Uttar Pradesh,Lucknow,226025,1,25
03-12-2025,Uttar Pradesh,Lucknow,226102,0,5
03-12-2025,Uttar Pradesh,Lucknow,226201,0,4
03-12-2025,Uttar Pradesh,Lucknow,226301,0,8
03-12-2025,Uttar Pradesh,Lucknow,226302,0,2
03-12-2025,Uttar Pradesh,Lucknow,226401,0,7
03-12-2025,Uttar Pradesh,Lucknow,227101,0,9
03-12-2025,Uttar Pradesh,Lucknow,227105,0,13
03-12-2025,Uttar Pradesh,Lucknow,227111,1,10
03-12-2025,Uttar Pradesh,Lucknow,227202,1,17
04-12-2025,Uttar Pradesh,Lucknow,226004,5,66
04-12-2025,Uttar Pradesh,Lucknow,226005,1,49
04-12-2025,Uttar Pradesh,Lucknow,226010,1,62
04-12-2025,Uttar Pradesh,Lucknow,226015,0,4
04-12-2025,Uttar Pradesh,Lucknow,226018,1,54
04-12-2025,Uttar Pradesh,Lucknow,226022,1,61
04-12-2025,Uttar Pradesh,Lucknow,226023,1,13
04-12-2025,Uttar Pradesh,Lucknow,226026,3,26
04-12-2025,Uttar Pradesh,Lucknow,226028,4,60
04-12-2025,Uttar Pradesh,Lucknow,226101,3,63
04-12-2025,Uttar Pradesh,Lucknow,226201,0,4
04-12-2025,Uttar Pradesh,Lucknow,227105,0,20
04-12-2025,Uttar Pradesh,Lucknow,227111,2,35
04-12-2025,Uttar Pradesh,Lucknow,227125,2,26
05-12-2025,Uttar Pradesh,Lucknow,226010,4,58
05-12-2025,Uttar Pradesh,Lucknow,226014,0,4
05-12-2025,Uttar Pradesh,Lucknow,226019,0,2
05-12-2025,Uttar Pradesh,Lucknow,226030,1,6
05-12-2025,Uttar Pradesh,Lucknow,226401,0,8
05-12-2025,Uttar Pradesh,Lucknow,227105,3,24
05-12-2025,Uttar Pradesh,Lucknow,227202,0,38
05-12-2025,Uttar Pradesh,Lucknow,227207,1,1
18-11-2025,Uttar Pradesh,Lucknow,226003,8,436
18-11-2025,Uttar Pradesh,Lucknow,226016,6,53
18-11-2025,Uttar Pradesh,Lucknow,226019,0,4
18-11-2025,Uttar Pradesh,Lucknow,226021,5,76
18-11-2025,Uttar Pradesh,Lucknow,226024,1,23
18-11-2025,Uttar Pradesh,Lucknow,226029,1,12
18-11-2025,Uttar Pradesh,Lucknow,226030,0,8
18-11-2025,Uttar Pradesh,Lucknow,226203,0,1
18-11-2025,Uttar Pradesh,Lucknow,227107,1,80
18-11-2025,Uttar Pradesh,Lucknow,227111,0,40
19-11-2025,Uttar Pradesh,Lucknow,226005,2,47
19-11-2025,Uttar Pradesh,Lucknow,226011,2,17
19-11-2025,Uttar Pradesh,Lucknow,226013,3,12
19-11-2025,Uttar Pradesh,Lucknow,226018,1,59
19-11-2025,Uttar Pradesh,Lucknow,226019,0,3
19-11-2025,Uttar Pradesh,Lucknow,226020,2,125
19-11-2025,Uttar Pradesh,Lucknow,226024,0,14
19-11-2025,Uttar Pradesh,Lucknow,226025,0,21
19-11-2025,Uttar Pradesh,Lucknow,226029,1,15
19-11-2025,Uttar Pradesh,Lucknow,226031,0,5
19-11-2025,Uttar Pradesh,Lucknow,226101,1,40
19-11-2025,Uttar Pradesh,Lucknow,226102,0,7
19-11-2025,Uttar Pradesh,Lucknow,226203,0,3
19-11-2025,Uttar Pradesh,Lucknow,227105,1,24
19-11-2025,Uttar Pradesh,Lucknow,227116,2,18
19-11-2025,Uttar Pradesh,Lucknow,227202,0,43
19-11-2025,Uttar Pradesh,Lucknow,227207,0,1
20-11-2025,Uttar Pradesh,Lucknow,226005,5,38
20-11-2025,Uttar Pradesh,Lucknow,226016,1,54
20-11-2025,Uttar Pradesh,Lucknow,226018,0,78
20-11-2025,Uttar Pradesh,Lucknow,226026,1,20
20-11-2025,Uttar Pradesh,Lucknow,226103,0,1
20-11-2025,Uttar Pradesh,Lucknow,226301,1,10
20-11-2025,Uttar Pradesh,Lucknow,227101,1,31
20-11-2025,Uttar Pradesh,Lucknow,227111,1,43
20-11-2025,Uttar Pradesh,Lucknow,227116,1,13
20-11-2025,Uttar Pradesh,Lucknow,227202,0,40
21-11-2025,Uttar Pradesh,Lucknow,226009,0,7
21-11-2025,Uttar Pradesh,Lucknow,226012,0,21
21-11-2025,Uttar Pradesh,Lucknow,226013,1,5
21-11-2025,Uttar Pradesh,Lucknow,226018,3,53
21-11-2025,Uttar Pradesh,Lucknow,226101,4,33
21-11-2025,Uttar Pradesh,Lucknow,226102,0,5
21-11-2025,Uttar Pradesh,Lucknow,226302,0,1
21-11-2025,Uttar Pradesh,Lucknow,226401,0,9
21-11-2025,Uttar Pradesh,Lucknow,227107,1,49
21-11-2025,Uttar Pradesh,Lucknow,227116,1,19
21-11-2025,Uttar Pradesh,Lucknow,227207,0,1
03-11-2025,Uttar Pradesh,Lucknow,226010,4,55
03-11-2025,Uttar Pradesh,Lucknow,226028,1,36
03-11-2025,Uttar Pradesh,Lucknow,226302,0,1
03-11-2025,Uttar Pradesh,Lucknow,227115,1,49
03-11-2025,Uttar Pradesh,Lucknow,227125,1,33
31-10-2025,Uttar Pradesh,Lucknow,226002,3,45
31-10-2025,Uttar Pradesh,Lucknow,226005,5,25
31-10-2025,Uttar Pradesh,Lucknow,226008,2,28
31-10-2025,Uttar Pradesh,Lucknow,226009,0,3
31-10-2025,Uttar Pradesh,Lucknow,226011,1,16
31-10-2025,Uttar Pradesh,Lucknow,226022,3,25
31-10-2025,Uttar Pradesh,Lucknow,226024,0,18
31-10-2025,Uttar Pradesh,Lucknow,226102,0,3
31-10-2025,Uttar Pradesh,Lucknow,227202,0,23
16-11-2025,Uttar Pradesh,Lucknow,226005,1,6
16-11-2025,Uttar Pradesh,Lucknow,226013,0,5
16-11-2025,Uttar Pradesh,Lucknow,226023,0,7
16-11-2025,Uttar Pradesh,Lucknow,226026,0,8
16-11-2025,Uttar Pradesh,Lucknow,227101,0,7
16-11-2025,Uttar Pradesh,Lucknow,227205,0,3
16-11-2025,Uttar Pradesh,Lucknow,227309,0,4
15-11-2025,Uttar Pradesh,Lucknow,226011,0,20
15-11-2025,Uttar Pradesh,Lucknow,226012,1,26
15-11-2025,Uttar Pradesh,Lucknow,226023,1,7
15-11-2025,Uttar Pradesh,Lucknow,226031,0,5
15-11-2025,Uttar Pradesh,Lucknow,226101,3,27
15-11-2025,Uttar Pradesh,Lucknow,226301,0,8
15-11-2025,Uttar Pradesh,Lucknow,226501,0,7
15-11-2025,Uttar Pradesh,Lucknow,227115,5,46
17-11-2025,Uttar Pradesh,Lucknow,226006,2,13
17-11-2025,Uttar Pradesh,Lucknow,226009,0,3
17-11-2025,Uttar Pradesh,Lucknow,226010,1,56
17-11-2025,Uttar Pradesh,Lucknow,226021,3,51
17-11-2025,Uttar Pradesh,Lucknow,226022,5,39
17-11-2025,Uttar Pradesh,Lucknow,226024,1,6
17-11-2025,Uttar Pradesh,Lucknow,226030,3,5
17-11-2025,Uttar Pradesh,Lucknow,226031,1,5
17-11-2025,Uttar Pradesh,Lucknow,226101,3,28
17-11-2025,Uttar Pradesh,Lucknow,226102,1,1
17-11-2025,Uttar Pradesh,Lucknow,227111,2,52
17-11-2025,Uttar Pradesh,Lucknow,227115,2,55
17-11-2025,Uttar Pradesh,Lucknow,227116,0,29
02-11-2025,Uttar Pradesh,Lucknow,226003,6,41
02-11-2025,Uttar Pradesh,Lucknow,226015,1,1
02-11-2025,Uttar Pradesh,Lucknow,226021,0,15
02-11-2025,Uttar Pradesh,Lucknow,226026,0,3
02-11-2025,Uttar Pradesh,Lucknow,226028,1,33
02-11-2025,Uttar Pradesh,Lucknow,226302,0,1
02-11-2025,Uttar Pradesh,Lucknow,226501,0,6
02-11-2025,Uttar Pradesh,Lucknow,227111,0,12
01-11-2025,Uttar Pradesh,Lucknow,226002,3,72
01-11-2025,Uttar Pradesh,Lucknow,226003,9,116
01-11-2025,Uttar Pradesh,Lucknow,226006,1,14
01-11-2025,Uttar Pradesh,Lucknow,226007,0,10
01-11-2025,Uttar Pradesh,Lucknow,226013,0,6
01-11-2025,Uttar Pradesh,Lucknow,226029,2,18
01-11-2025,Uttar Pradesh,Lucknow,226030,0,3
01-11-2025,Uttar Pradesh,Lucknow,226501,3,9
01-11-2025,Uttar Pradesh,Lucknow,227101,0,25
01-11-2025,Uttar Pradesh,Lucknow,227105,0,18
01-11-2025,Uttar Pradesh,Lucknow,227107,0,54
01-11-2025,Uttar Pradesh,Lucknow,227111,1,39
01-11-2025,Uttar Pradesh,Lucknow,227309,2,19
30-10-2025,Uttar Pradesh,Lucknow,226001,1,24
30-10-2025,Uttar Pradesh,Lucknow,226002,7,41
30-10-2025,Uttar Pradesh,Lucknow,226004,1,21
30-10-2025,Uttar Pradesh,Lucknow,226019,0,1
30-10-2025,Uttar Pradesh,Lucknow,226024,0,18
30-10-2025,Uttar Pradesh,Lucknow,226029,2,6
30-10-2025,Uttar Pradesh,Lucknow,227115,5,27
30-10-2025,Uttar Pradesh,Lucknow,227116,1,15
30-10-2025,Uttar Pradesh,Lucknow,227305,1,18
29-10-2025,Uttar Pradesh,Lucknow,226002,5,62
29-10-2025,Uttar Pradesh,Lucknow,226006,1,16
29-10-2025,Uttar Pradesh,Lucknow,226008,5,31
29-10-2025,Uttar Pradesh,Lucknow,226015,0,6
29-10-2025,Uttar Pradesh,Lucknow,226022,0,38
29-10-2025,Uttar Pradesh,Lucknow,226025,2,8
29-10-2025,Uttar Pradesh,Lucknow,227308,0,28
29-10-2025,Uttar Pradesh,Lucknow,227309,2,14
22-11-2025,Uttar Pradesh,Lucknow,226002,4,51
22-11-2025,Uttar Pradesh,Lucknow,226010,1,29
22-11-2025,Uttar Pradesh,Lucknow,226013,1,5
22-11-2025,Uttar Pradesh,Lucknow,226029,0,20
22-11-2025,Uttar Pradesh,Lucknow,226201,0,1
22-11-2025,Uttar Pradesh,Lucknow,227205,5,19
22-11-2025,Uttar Pradesh,Lucknow,227309,0,8
23-11-2025,Uttar Pradesh,Lucknow,226002,5,56
23-11-2025,Uttar Pradesh,Lucknow,226003,5,179
23-11-2025,Uttar Pradesh,Lucknow,226013,0,2
23-11-2025,Uttar Pradesh,Lucknow,226018,0,19
23-11-2025,Uttar Pradesh,Lucknow,226020,1,44
23-11-2025,Uttar Pradesh,Lucknow,226021,3,22
23-11-2025,Uttar Pradesh,Lucknow,226026,1,11
23-11-2025,Uttar Pradesh,Lucknow,226501,2,15
23-11-2025,Uttar Pradesh,Lucknow,227107,1,29
24-11-2025,Uttar Pradesh,Lucknow,226005,4,34
24-11-2025,Uttar Pradesh,Lucknow,226008,2,28
24-11-2025,Uttar Pradesh,Lucknow,226009,0,5
24-11-2025,Uttar Pradesh,Lucknow,226016,0,60
24-11-2025,Uttar Pradesh,Lucknow,226017,1,63
24-11-2025,Uttar Pradesh,Lucknow,226022,2,41
24-11-2025,Uttar Pradesh,Lucknow,226028,5,30
24-11-2025,Uttar Pradesh,Lucknow,226030,0,4
24-11-2025,Uttar Pradesh,Lucknow,227101,0,21
24-11-2025,Uttar Pradesh,Lucknow,227116,4,17
24-11-2025,Uttar Pradesh,Lucknow,227125,1,39
24-11-2025,Uttar Pradesh,Lucknow,227305,3,48
25-11-2025,Uttar Pradesh,Lucknow,226003,8,448
25-11-2025,Uttar Pradesh,Lucknow,226012,1,26
25-11-2025,Uttar Pradesh,Lucknow,226013,3,7
25-11-2025,Uttar Pradesh,Lucknow,226015,2,9
25-11-2025,Uttar Pradesh,Lucknow,226029,1,13
25-11-2025,Uttar Pradesh,Lucknow,226203,0,2
25-11-2025,Uttar Pradesh,Lucknow,227105,0,11
25-11-2025,Uttar Pradesh,Lucknow,227205,0,32
25-11-2025,Uttar Pradesh,Lucknow,227305,0,40
26-11-2025,Uttar Pradesh,Lucknow,226003,12,479
26-11-2025,Uttar Pradesh,Lucknow,226008,4,24
26-11-2025,Uttar Pradesh,Lucknow,226019,0,3
26-11-2025,Uttar Pradesh,Lucknow,226023,0,17
26-11-2025,Uttar Pradesh,Lucknow,226028,3,42
26-11-2025,Uttar Pradesh,Lucknow,226029,3,16
26-11-2025,Uttar Pradesh,Lucknow,226102,3,7
26-11-2025,Uttar Pradesh,Lucknow,226103,0,1
26-11-2025,Uttar Pradesh,Lucknow,226501,0,8
26-11-2025,Uttar Pradesh,Lucknow,227115,1,39
26-11-2025,Uttar Pradesh,Lucknow,227125,0,31
26-11-2025,Uttar Pradesh,Lucknow,227202,1,46
26-11-2025,Uttar Pradesh,Lucknow,227305,4,54
26-11-2025,Uttar Pradesh,Lucknow,227309,0,11
01-12-2025,Uttar Pradesh,Lucknow,226002,3,75
01-12-2025,Uttar Pradesh,Lucknow,226010,5,67
01-12-2025,Uttar Pradesh,Lucknow,226017,9,90
01-12-2025,Uttar Pradesh,Lucknow,226028,2,65
01-12-2025,Uttar Pradesh,Lucknow,226030,0,5
01-12-2025,Uttar Pradesh,Lucknow,226031,0,5
01-12-2025,Uttar Pradesh,Lucknow,226202,0,1
01-12-2025,Uttar Pradesh,Lucknow,226301,2,9
01-12-2025,Uttar Pradesh,Lucknow,226501,2,3
01-12-2025,Uttar Pradesh,Lucknow,227105,2,25
01-12-2025,Uttar Pradesh,Lucknow,227111,2,52
01-12-2025,Uttar Pradesh,Lucknow,227125,0,35
02-12-2025,Uttar Pradesh,Lucknow,226006,0,19
02-12-2025,Uttar Pradesh,Lucknow,226007,0,2
02-12-2025,Uttar Pradesh,Lucknow,226020,4,92
02-12-2025,Uttar Pradesh,Lucknow,226021,4,95
02-12-2025,Uttar Pradesh,Lucknow,226022,1,65
02-12-2025,Uttar Pradesh,Lucknow,226026,0,30
02-12-2025,Uttar Pradesh,Lucknow,227309,0,12
28-11-2025,Uttar Pradesh,Lucknow,226001,0,51
28-11-2025,Uttar Pradesh,Lucknow,226007,1,17
28-11-2025,Uttar Pradesh,Lucknow,226008,4,44
28-11-2025,Uttar Pradesh,Lucknow,226010,3,52
28-11-2025,Uttar Pradesh,Lucknow,226011,2,31
28-11-2025,Uttar Pradesh,Lucknow,226016,0,67
28-11-2025,Uttar Pradesh,Lucknow,226018,2,44
28-11-2025,Uttar Pradesh,Lucknow,226020,2,137
28-11-2025,Uttar Pradesh,Lucknow,226022,1,49
28-11-2025,Uttar Pradesh,Lucknow,226024,1,24
28-11-2025,Uttar Pradesh,Lucknow,226029,0,29
28-11-2025,Uttar Pradesh,Lucknow,226201,1,4
28-11-2025,Uttar Pradesh,Lucknow,227309,0,25
27-11-2025,Uttar Pradesh,Lucknow,226003,8,582
27-11-2025,Uttar Pradesh,Lucknow,226006,0,18
27-11-2025,Uttar Pradesh,Lucknow,226022,4,51
27-11-2025,Uttar Pradesh,Lucknow,226203,0,1
27-11-2025,Uttar Pradesh,Lucknow,226301,1,11
27-11-2025,Uttar Pradesh,Lucknow,226302,0,2
27-11-2025,Uttar Pradesh,Lucknow,227101,2,26
27-11-2025,Uttar Pradesh,Lucknow,227309,0,22
29-11-2025,Uttar Pradesh,Lucknow,226010,4,47
29-11-2025,Uttar Pradesh,Lucknow,226011,0,23
29-11-2025,Uttar Pradesh,Lucknow,226016,3,71
29-11-2025,Uttar Pradesh,Lucknow,226020,3,146
29-11-2025,Uttar Pradesh,Lucknow,226021,3,82
29-11-2025,Uttar Pradesh,Lucknow,226025,1,31
29-11-2025,Uttar Pradesh,Lucknow,226030,1,5
29-11-2025,Uttar Pradesh,Lucknow,226302,0,1
29-11-2025,Uttar Pradesh,Lucknow,227111,0,30
29-11-2025,Uttar Pradesh,Lucknow,227116,0,25
30-11-2025,Uttar Pradesh,Lucknow,226001,0,21
30-11-2025,Uttar Pradesh,Lucknow,226007,0,1
30-11-2025,Uttar Pradesh,Lucknow,226009,0,2
30-11-2025,Uttar Pradesh,Lucknow,226010,1,28
30-11-2025,Uttar Pradesh,Lucknow,226011,0,7
30-11-2025,Uttar Pradesh,Lucknow,226015,0,3
30-11-2025,Uttar Pradesh,Lucknow,226020,3,47
30-11-2025,Uttar Pradesh,Lucknow,226022,0,30
30-11-2025,Uttar Pradesh,Lucknow,226024,0,3
30-11-2025,Uttar Pradesh,Lucknow,226102,0,3
30-11-2025,Uttar Pradesh,Lucknow,226201,2,2
30-11-2025,Uttar Pradesh,Lucknow,226301,1,3
30-11-2025,Uttar Pradesh,Lucknow,227105,0,7
30-11-2025,Uttar Pradesh,Lucknow,227107,0,31
01-03-2025,Uttar Pradesh,Lucknow,226021,125,1215
01-03-2025,Uttar Pradesh,Lucknow,226301,50,403
01-04-2025,Uttar Pradesh,Lucknow,226017,167,1472
01-06-2025,Uttar Pradesh,Lucknow,226003,261,3567
01-03-2025,Uttar Pradesh,Lucknow,226008,100,959
01-03-2025,Uttar Pradesh,Lucknow,227105,17,435
01-03-2025,Uttar Pradesh,Lucknow,226102,21,231
01-03-2025,Uttar Pradesh,Lucknow,226023,54,418
01-03-2025,Uttar Pradesh,Lucknow,227111,42,1204
01-09-2025,Uttar Pradesh,Lucknow,226002,5,58
01-09-2025,Uttar Pradesh,Lucknow,226006,1,19
01-09-2025,Uttar Pradesh,Lucknow,226008,3,48
01-09-2025,Uttar Pradesh,Lucknow,226011,3,23
01-09-2025,Uttar Pradesh,Lucknow,226019,0,4
01-09-2025,Uttar Pradesh,Lucknow,226020,2,65
01-09-2025,Uttar Pradesh,Lucknow,226101,1,21
01-09-2025,Uttar Pradesh,Lucknow,226203,0,4
01-09-2025,Uttar Pradesh,Lucknow,226301,0,9
01-09-2025,Uttar Pradesh,Lucknow,226302,2,8
01-09-2025,Uttar Pradesh,Lucknow,227101,2,19
01-09-2025,Uttar Pradesh,Lucknow,227125,13,59
01-09-2025,Uttar Pradesh,Lucknow,227202,1,36
01-09-2025,Uttar Pradesh,Lucknow,227207,0,1
01-09-2025,Uttar Pradesh,Lucknow,227305,5,67
01-09-2025,Uttar Pradesh,Lucknow,227309,5,17
02-09-2025,Uttar Pradesh,Lucknow,226001,1,32
02-09-2025,Uttar Pradesh,Lucknow,226003,12,146
02-09-2025,Uttar Pradesh,Lucknow,226012,1,27
02-09-2025,Uttar Pradesh,Lucknow,226017,4,74
02-09-2025,Uttar Pradesh,Lucknow,226020,4,48
02-09-2025,Uttar Pradesh,Lucknow,226030,0,3
02-09-2025,Uttar Pradesh,Lucknow,226501,0,2
02-09-2025,Uttar Pradesh,Lucknow,227107,8,96
02-09-2025,Uttar Pradesh,Lucknow,227115,17,69
02-09-2025,Uttar Pradesh,Lucknow,227202,4,38
03-09-2025,Uttar Pradesh,Lucknow,226010,5,31
03-09-2025,Uttar Pradesh,Lucknow,226016,9,52
03-09-2025,Uttar Pradesh,Lucknow,226018,0,28
03-09-2025,Uttar Pradesh,Lucknow,226031,0,7
05-09-2025,Uttar Pradesh,Lucknow,226004,0,8
05-09-2025,Uttar Pradesh,Lucknow,226008,1,27
05-09-2025,Uttar Pradesh,Lucknow,226014,0,2
05-09-2025,Uttar Pradesh,Lucknow,226023,1,4
05-09-2025,Uttar Pradesh,Lucknow,226026,2,10
05-09-2025,Uttar Pradesh,Lucknow,226029,0,11
05-09-2025,Uttar Pradesh,Lucknow,226201,0,2
05-09-2025,Uttar Pradesh,Lucknow,227107,5,39
04-09-2025,Uttar Pradesh,Lucknow,226006,0,22
04-09-2025,Uttar Pradesh,Lucknow,226007,3,9
04-09-2025,Uttar Pradesh,Lucknow,226008,5,52
04-09-2025,Uttar Pradesh,Lucknow,226012,3,26
04-09-2025,Uttar Pradesh,Lucknow,226017,8,44
04-09-2025,Uttar Pradesh,Lucknow,226022,3,27
04-09-2025,Uttar Pradesh,Lucknow,226025,1,13
04-09-2025,Uttar Pradesh,Lucknow,226030,0,4
04-09-2025,Uttar Pradesh,Lucknow,226401,4,6
04-09-2025,Uttar Pradesh,Lucknow,226501,0,1
04-09-2025,Uttar Pradesh,Lucknow,227305,2,87
07-09-2025,Uttar Pradesh,Lucknow,226005,1,8
07-09-2025,Uttar Pradesh,Lucknow,226010,3,19
07-09-2025,Uttar Pradesh,Lucknow,226020,6,16
07-09-2025,Uttar Pradesh,Lucknow,226022,0,9
07-09-2025,Uttar Pradesh,Lucknow,226023,0,5
07-09-2025,Uttar Pradesh,Lucknow,226025,0,10
07-09-2025,Uttar Pradesh,Lucknow,226026,0,5
07-09-2025,Uttar Pradesh,Lucknow,226101,3,6
07-09-2025,Uttar Pradesh,Lucknow,226203,1,1
07-09-2025,Uttar Pradesh,Lucknow,226302,0,1
07-09-2025,Uttar Pradesh,Lucknow,227105,0,6
07-09-2025,Uttar Pradesh,Lucknow,227305,1,4
07-09-2025,Uttar Pradesh,Lucknow,227308,1,13
06-09-2025,Uttar Pradesh,Lucknow,226001,2,33
06-09-2025,Uttar Pradesh,Lucknow,226003,15,102
06-09-2025,Uttar Pradesh,Lucknow,226012,1,30
06-09-2025,Uttar Pradesh,Lucknow,226014,0,3
06-09-2025,Uttar Pradesh,Lucknow,226015,0,1
06-09-2025,Uttar Pradesh,Lucknow,226017,3,33
06-09-2025,Uttar Pradesh,Lucknow,226020,5,48
06-09-2025,Uttar Pradesh,Lucknow,226028,7,31
06-09-2025,Uttar Pradesh,Lucknow,226301,1,6
06-09-2025,Uttar Pradesh,Lucknow,226302,0,2
06-09-2025,Uttar Pradesh,Lucknow,227107,4,54
06-09-2025,Uttar Pradesh,Lucknow,227125,0,13
06-09-2025,Uttar Pradesh,Lucknow,227202,2,38
06-09-2025,Uttar Pradesh,Lucknow,227305,6,57
09-09-2025,Uttar Pradesh,Lucknow,226001,3,45
09-09-2025,Uttar Pradesh,Lucknow,226002,6,67
09-09-2025,Uttar Pradesh,Lucknow,226003,13,161
09-09-2025,Uttar Pradesh,Lucknow,226004,4,48
09-09-2025,Uttar Pradesh,Lucknow,226007,1,11
09-09-2025,Uttar Pradesh,Lucknow,226009,0,2
09-09-2025,Uttar Pradesh,Lucknow,226013,0,9
09-09-2025,Uttar Pradesh,Lucknow,226020,2,67
09-09-2025,Uttar Pradesh,Lucknow,226023,3,16
09-09-2025,Uttar Pradesh,Lucknow,226025,0,15
09-09-2025,Uttar Pradesh,Lucknow,226029,0,11
09-09-2025,Uttar Pradesh,Lucknow,226101,7,23
09-09-2025,Uttar Pradesh,Lucknow,226501,1,6
09-09-2025,Uttar Pradesh,Lucknow,227107,10,88
08-09-2025,Uttar Pradesh,Lucknow,226006,5,14
08-09-2025,Uttar Pradesh,Lucknow,226007,0,3
08-09-2025,Uttar Pradesh,Lucknow,226010,7,42
08-09-2025,Uttar Pradesh,Lucknow,226016,3,44
08-09-2025,Uttar Pradesh,Lucknow,226021,3,38
08-09-2025,Uttar Pradesh,Lucknow,226101,2,26
08-09-2025,Uttar Pradesh,Lucknow,226201,2,1
08-09-2025,Uttar Pradesh,Lucknow,227115,17,80
08-09-2025,Uttar Pradesh,Lucknow,227308,3,53
08-09-2025,Uttar Pradesh,Lucknow,227309,5,38
10-09-2025,Uttar Pradesh,Lucknow,226002,11,109
10-09-2025,Uttar Pradesh,Lucknow,226006,1,18
10-09-2025,Uttar Pradesh,Lucknow,226007,1,8
10-09-2025,Uttar Pradesh,Lucknow,226009,0,4
10-09-2025,Uttar Pradesh,Lucknow,226012,1,25
10-09-2025,Uttar Pradesh,Lucknow,226017,3,63
10-09-2025,Uttar Pradesh,Lucknow,226018,4,30
10-09-2025,Uttar Pradesh,Lucknow,226021,4,56
10-09-2025,Uttar Pradesh,Lucknow,226022,3,38
10-09-2025,Uttar Pradesh,Lucknow,226030,0,5
10-09-2025,Uttar Pradesh,Lucknow,226102,1,8
10-09-2025,Uttar Pradesh,Lucknow,227101,4,25
10-09-2025,Uttar Pradesh,Lucknow,227202,5,50
10-09-2025,Uttar Pradesh,Lucknow,227305,7,60
11-09-2025,Uttar Pradesh,Lucknow,226003,13,112
11-09-2025,Uttar Pradesh,Lucknow,226004,2,37
11-09-2025,Uttar Pradesh,Lucknow,226015,2,3
11-09-2025,Uttar Pradesh,Lucknow,226020,4,71
11-09-2025,Uttar Pradesh,Lucknow,226022,2,30
11-09-2025,Uttar Pradesh,Lucknow,226024,4,17
11-09-2025,Uttar Pradesh,Lucknow,226025,0,8
11-09-2025,Uttar Pradesh,Lucknow,226030,0,3
11-09-2025,Uttar Pradesh,Lucknow,226031,2,2
11-09-2025,Uttar Pradesh,Lucknow,226201,0,5
11-09-2025,Uttar Pradesh,Lucknow,227107,8,72
11-09-2025,Uttar Pradesh,Lucknow,227305,5,70
12-09-2025,Uttar Pradesh,Lucknow,226005,6,41
12-09-2025,Uttar Pradesh,Lucknow,226010,4,54
12-09-2025,Uttar Pradesh,Lucknow,226011,0,20
12-09-2025,Uttar Pradesh,Lucknow,226017,14,45
12-09-2025,Uttar Pradesh,Lucknow,226018,1,17
12-09-2025,Uttar Pradesh,Lucknow,226024,2,13
12-09-2025,Uttar Pradesh,Lucknow,226025,2,10
12-09-2025,Uttar Pradesh,Lucknow,226026,0,18
12-09-2025,Uttar Pradesh,Lucknow,226031,0,3
12-09-2025,Uttar Pradesh,Lucknow,226101,8,18
12-09-2025,Uttar Pradesh,Lucknow,227101,2,30
12-09-2025,Uttar Pradesh,Lucknow,227105,1,13
12-09-2025,Uttar Pradesh,Lucknow,227111,16,64
12-09-2025,Uttar Pradesh,Lucknow,227116,5,12
12-09-2025,Uttar Pradesh,Lucknow,227305,4,62
13-09-2025,Uttar Pradesh,Lucknow,226005,4,18
13-09-2025,Uttar Pradesh,Lucknow,226009,0,1
13-09-2025,Uttar Pradesh,Lucknow,226012,2,21
13-09-2025,Uttar Pradesh,Lucknow,226026,0,8
13-09-2025,Uttar Pradesh,Lucknow,226030,0,5
13-09-2025,Uttar Pradesh,Lucknow,226201,0,2
13-09-2025,Uttar Pradesh,Lucknow,226501,0,6
13-09-2025,Uttar Pradesh,Lucknow,227105,0,16
13-09-2025,Uttar Pradesh,Lucknow,227205,5,22
13-09-2025,Uttar Pradesh,Lucknow,227308,3,33
15-09-2025,Uttar Pradesh,Lucknow,226001,3,37
15-09-2025,Uttar Pradesh,Lucknow,226003,16,130
15-09-2025,Uttar Pradesh,Lucknow,226005,6,33
15-09-2025,Uttar Pradesh,Lucknow,226007,0,9
15-09-2025,Uttar Pradesh,Lucknow,226017,3,48
15-09-2025,Uttar Pradesh,Lucknow,226022,2,29
15-09-2025,Uttar Pradesh,Lucknow,226026,1,16
15-09-2025,Uttar Pradesh,Lucknow,226501,1,8
15-09-2025,Uttar Pradesh,Lucknow,227105,1,15
15-09-2025,Uttar Pradesh,Lucknow,227111,7,24
15-09-2025,Uttar Pradesh,Lucknow,227115,2,19
14-09-2025,Uttar Pradesh,Lucknow,226001,1,9
14-09-2025,Uttar Pradesh,Lucknow,226002,3,24
14-09-2025,Uttar Pradesh,Lucknow,226005,2,5
14-09-2025,Uttar Pradesh,Lucknow,226016,2,11
14-09-2025,Uttar Pradesh,Lucknow,226026,4,17
14-09-2025,Uttar Pradesh,Lucknow,226030,1,2
14-09-2025,Uttar Pradesh,Lucknow,226201,0,1
14-09-2025,Uttar Pradesh,Lucknow,226203,0,3
14-09-2025,Uttar Pradesh,Lucknow,226401,0,5
14-09-2025,Uttar Pradesh,Lucknow,227105,1,1
14-09-2025,Uttar Pradesh,Lucknow,227115,2,26
14-09-2025,Uttar Pradesh,Lucknow,227116,1,9
14-09-2025,Uttar Pradesh,Lucknow,227305,0,13
16-09-2025,Uttar Pradesh,Lucknow,226004,1,26
16-09-2025,Uttar Pradesh,Lucknow,226009,0,6
16-09-2025,Uttar Pradesh,Lucknow,226013,0,9
16-09-2025,Uttar Pradesh,Lucknow,226015,1,7
16-09-2025,Uttar Pradesh,Lucknow,226018,0,18
16-09-2025,Uttar Pradesh,Lucknow,226023,1,15
16-09-2025,Uttar Pradesh,Lucknow,226026,2,11
16-09-2025,Uttar Pradesh,Lucknow,227105,2,15
16-09-2025,Uttar Pradesh,Lucknow,227107,5,73
18-09-2025,Uttar Pradesh,Lucknow,226008,1,26
18-09-2025,Uttar Pradesh,Lucknow,226011,2,13
18-09-2025,Uttar Pradesh,Lucknow,226018,0,23
18-09-2025,Uttar Pradesh,Lucknow,226021,2,30
18-09-2025,Uttar Pradesh,Lucknow,226025,0,10
18-09-2025,Uttar Pradesh,Lucknow,226203,1,8
18-09-2025,Uttar Pradesh,Lucknow,227309,4,37
17-09-2025,Uttar Pradesh,Lucknow,226008,1,27
17-09-2025,Uttar Pradesh,Lucknow,226009,0,2
17-09-2025,Uttar Pradesh,Lucknow,226011,0,13
17-09-2025,Uttar Pradesh,Lucknow,226016,5,44
17-09-2025,Uttar Pradesh,Lucknow,226203,0,5
17-09-2025,Uttar Pradesh,Lucknow,226401,2,8
19-09-2025,Uttar Pradesh,Lucknow,226003,9,97
19-09-2025,Uttar Pradesh,Lucknow,226013,0,4
19-09-2025,Uttar Pradesh,Lucknow,226026,0,12
19-09-2025,Uttar Pradesh,Lucknow,226201,0,1
19-09-2025,Uttar Pradesh,Lucknow,226202,0,1
19-09-2025,Uttar Pradesh,Lucknow,227115,5,67
19-09-2025,Uttar Pradesh,Lucknow,227116,4,30
19-09-2025,Uttar Pradesh,Lucknow,227305,5,74
19-09-2025,Uttar Pradesh,Lucknow,227308,2,40
13-10-2025,Uttar Pradesh,Lucknow,226013,0,1
13-10-2025,Uttar Pradesh,Lucknow,226017,0,13
13-10-2025,Uttar Pradesh,Lucknow,226020,2,25
13-10-2025,Uttar Pradesh,Lucknow,226021,0,12
13-10-2025,Uttar Pradesh,Lucknow,226102,0,1
13-10-2025,Uttar Pradesh,Lucknow,227101,0,11
13-10-2025,Uttar Pradesh,Lucknow,227107,1,35
13-10-2025,Uttar Pradesh,Lucknow,227111,0,15
13-10-2025,Uttar Pradesh,Lucknow,227116,1,7
20-09-2025,Uttar Pradesh,Lucknow,226004,3,28
20-09-2025,Uttar Pradesh,Lucknow,226016,3,40
20-09-2025,Uttar Pradesh,Lucknow,226020,2,34
20-09-2025,Uttar Pradesh,Lucknow,226022,2,30
20-09-2025,Uttar Pradesh,Lucknow,226023,2,11
20-09-2025,Uttar Pradesh,Lucknow,226028,1,22
20-09-2025,Uttar Pradesh,Lucknow,226101,1,19
20-09-2025,Uttar Pradesh,Lucknow,226203,1,0
20-09-2025,Uttar Pradesh,Lucknow,226301,1,6
20-09-2025,Uttar Pradesh,Lucknow,227105,1,15
20-09-2025,Uttar Pradesh,Lucknow,227202,1,28
15-10-2025,Uttar Pradesh,Lucknow,226002,9,75
15-10-2025,Uttar Pradesh,Lucknow,226004,3,37
15-10-2025,Uttar Pradesh,Lucknow,226007,1,9
15-10-2025,Uttar Pradesh,Lucknow,226012,2,21
15-10-2025,Uttar Pradesh,Lucknow,226015,0,1
15-10-2025,Uttar Pradesh,Lucknow,226017,9,50
15-10-2025,Uttar Pradesh,Lucknow,226022,5,28
15-10-2025,Uttar Pradesh,Lucknow,226023,5,9
15-10-2025,Uttar Pradesh,Lucknow,226028,7,42
15-10-2025,Uttar Pradesh,Lucknow,226201,0,4
15-10-2025,Uttar Pradesh,Lucknow,226203,0,3
15-10-2025,Uttar Pradesh,Lucknow,226303,0,2
15-10-2025,Uttar Pradesh,Lucknow,226501,3,18
15-10-2025,Uttar Pradesh,Lucknow,227101,1,36
15-10-2025,Uttar Pradesh,Lucknow,227105,2,23
16-10-2025,Uttar Pradesh,Lucknow,226003,7,149
16-10-2025,Uttar Pradesh,Lucknow,226006,0,12
16-10-2025,Uttar Pradesh,Lucknow,226011,2,15
16-10-2025,Uttar Pradesh,Lucknow,226012,2,20
16-10-2025,Uttar Pradesh,Lucknow,226014,0,2
16-10-2025,Uttar Pradesh,Lucknow,226015,1,4
16-10-2025,Uttar Pradesh,Lucknow,226023,1,14
16-10-2025,Uttar Pradesh,Lucknow,226030,1,5
16-10-2025,Uttar Pradesh,Lucknow,226202,0,1
16-10-2025,Uttar Pradesh,Lucknow,227101,2,31
16-10-2025,Uttar Pradesh,Lucknow,227111,7,37
16-10-2025,Uttar Pradesh,Lucknow,227125,1,26
18-10-2025,Uttar Pradesh,Lucknow,226001,5,19
18-10-2025,Uttar Pradesh,Lucknow,226015,0,1
18-10-2025,Uttar Pradesh,Lucknow,226020,2,32
18-10-2025,Uttar Pradesh,Lucknow,226023,0,13
18-10-2025,Uttar Pradesh,Lucknow,226024,1,5
18-10-2025,Uttar Pradesh,Lucknow,226029,1,9
18-10-2025,Uttar Pradesh,Lucknow,226203,0,3
18-10-2025,Uttar Pradesh,Lucknow,226301,0,8
18-10-2025,Uttar Pradesh,Lucknow,227111,7,27
18-10-2025,Uttar Pradesh,Lucknow,227205,6,25
17-10-2025,Uttar Pradesh,Lucknow,226010,2,33
17-10-2025,Uttar Pradesh,Lucknow,226020,2,36
17-10-2025,Uttar Pradesh,Lucknow,226021,5,48
17-10-2025,Uttar Pradesh,Lucknow,226023,2,15
17-10-2025,Uttar Pradesh,Lucknow,226028,1,24
17-10-2025,Uttar Pradesh,Lucknow,226203,0,2
17-10-2025,Uttar Pradesh,Lucknow,226401,2,4
17-10-2025,Uttar Pradesh,Lucknow,227116,2,9
17-10-2025,Uttar Pradesh,Lucknow,227202,2,29
17-10-2025,Uttar Pradesh,Lucknow,227309,1,15
26-10-2025,Uttar Pradesh,Lucknow,226002,6,62
26-10-2025,Uttar Pradesh,Lucknow,226017,3,47
26-10-2025,Uttar Pradesh,Lucknow,226025,2,20
26-10-2025,Uttar Pradesh,Lucknow,226301,1,6
26-10-2025,Uttar Pradesh,Lucknow,227107,2,47
26-10-2025,Uttar Pradesh,Lucknow,227115,2,68
26-10-2025,Uttar Pradesh,Lucknow,227305,0,40
26-10-2025,Uttar Pradesh,Lucknow,227308,3,23
19-10-2025,Uttar Pradesh,Lucknow,226003,5,102
19-10-2025,Uttar Pradesh,Lucknow,226009,0,4
19-10-2025,Uttar Pradesh,Lucknow,226024,3,11
19-10-2025,Uttar Pradesh,Lucknow,226031,0,7
19-10-2025,Uttar Pradesh,Lucknow,226104,0,1
19-10-2025,Uttar Pradesh,Lucknow,227105,1,9
19-10-2025,Uttar Pradesh,Lucknow,227107,5,39
19-10-2025,Uttar Pradesh,Lucknow,227116,0,10
19-10-2025,Uttar Pradesh,Lucknow,227205,3,18
21-10-2025,Uttar Pradesh,Lucknow,226005,3,3
21-10-2025,Uttar Pradesh,Lucknow,226009,0,2
21-10-2025,Uttar Pradesh,Lucknow,226010,2,11
21-10-2025,Uttar Pradesh,Lucknow,226012,2,7
21-10-2025,Uttar Pradesh,Lucknow,226015,0,1
21-10-2025,Uttar Pradesh,Lucknow,226028,1,10
21-10-2025,Uttar Pradesh,Lucknow,226029,0,4
21-10-2025,Uttar Pradesh,Lucknow,226401,1,1
21-10-2025,Uttar Pradesh,Lucknow,227101,1,4
21-10-2025,Uttar Pradesh,Lucknow,227116,1,4
21-10-2025,Uttar Pradesh,Lucknow,227125,0,6
21-10-2025,Uttar Pradesh,Lucknow,227305,1,2
21-10-2025,Uttar Pradesh,Lucknow,227308,0,6
21-10-2025,Uttar Pradesh,Lucknow,227309,0,1
20-10-2025,Uttar Pradesh,Lucknow,226008,0,5
20-10-2025,Uttar Pradesh,Lucknow,226012,0,4
20-10-2025,Uttar Pradesh,Lucknow,226017,2,5
20-10-2025,Uttar Pradesh,Lucknow,226022,0,3
20-10-2025,Uttar Pradesh,Lucknow,227101,1,2
20-10-2025,Uttar Pradesh,Lucknow,227105,0,1
20-10-2025,Uttar Pradesh,Lucknow,227116,0,2
20-10-2025,Uttar Pradesh,Lucknow,227305,0,3
22-10-2025,Uttar Pradesh,Lucknow,226026,1,1
22-10-2025,Uttar Pradesh,Lucknow,227115,1,1
23-10-2025,Uttar Pradesh,Lucknow,226003,2,8
23-10-2025,Uttar Pradesh,Lucknow,226017,0,3
23-10-2025,Uttar Pradesh,Lucknow,226021,0,3
23-10-2025,Uttar Pradesh,Lucknow,226024,0,3
23-10-2025,Uttar Pradesh,Lucknow,226103,0,1
23-10-2025,Uttar Pradesh,Lucknow,226203,0,1
23-10-2025,Uttar Pradesh,Lucknow,226301,0,1
23-10-2025,Uttar Pradesh,Lucknow,226501,0,1
24-10-2025,Uttar Pradesh,Lucknow,226004,0,17
24-10-2025,Uttar Pradesh,Lucknow,226009,0,1
24-10-2025,Uttar Pradesh,Lucknow,226012,1,15
24-10-2025,Uttar Pradesh,Lucknow,226022,4,22
24-10-2025,Uttar Pradesh,Lucknow,226302,0,4
27-10-2025,Uttar Pradesh,Lucknow,226002,4,41
27-10-2025,Uttar Pradesh,Lucknow,226015,0,1
27-10-2025,Uttar Pradesh,Lucknow,226016,3,20
27-10-2025,Uttar Pradesh,Lucknow,226023,0,4
27-10-2025,Uttar Pradesh,Lucknow,226102,0,1
27-10-2025,Uttar Pradesh,Lucknow,227105,2,9
27-10-2025,Uttar Pradesh,Lucknow,227115,1,16
27-10-2025,Uttar Pradesh,Lucknow,227202,1,12
25-10-2025,Uttar Pradesh,Lucknow,226002,0,26
25-10-2025,Uttar Pradesh,Lucknow,226013,0,3
25-10-2025,Uttar Pradesh,Lucknow,226018,1,14
25-10-2025,Uttar Pradesh,Lucknow,226023,4,7
25-10-2025,Uttar Pradesh,Lucknow,226025,3,8
25-10-2025,Uttar Pradesh,Lucknow,226031,0,1
25-10-2025,Uttar Pradesh,Lucknow,226501,0,3
25-10-2025,Uttar Pradesh,Lucknow,227101,1,5
25-10-2025,Uttar Pradesh,Lucknow,227205,1,7
25-10-2025,Uttar Pradesh,Lucknow,227308,2,22
28-10-2025,Uttar Pradesh,Lucknow,226003,7,102
28-10-2025,Uttar Pradesh,Lucknow,226006,0,11
28-10-2025,Uttar Pradesh,Lucknow,226012,1,21
28-10-2025,Uttar Pradesh,Lucknow,226024,0,17
28-10-2025,Uttar Pradesh,Lucknow,226025,2,6
28-10-2025,Uttar Pradesh,Lucknow,226030,0,3
28-10-2025,Uttar Pradesh,Lucknow,226501,0,5
28-10-2025,Uttar Pradesh,Lucknow,227116,2,17
28-10-2025,Uttar Pradesh,Lucknow,227125,0,22
30-10-2025,Uttar Pradesh,Lucknow,226014,0,2
02-11-2025,Uttar Pradesh,Lucknow,226031,0,4
05-11-2025,Uttar Pradesh,Lucknow,226302,0,2
08-11-2025,Uttar Pradesh,Lucknow,226009,0,1
19-11-2025,Uttar Pradesh,Lucknow,226202,0,1
19-11-2025,Uttar Pradesh,Lucknow,226302,0,2
06-12-2025,Uttar Pradesh,Lucknow,227207,1,0
29-12-2025,Uttar Pradesh,Lucknow,226004,1,47
29-12-2025,Uttar Pradesh,Lucknow,226008,1,55
29-12-2025,Uttar Pradesh,Lucknow,226010,3,51
29-12-2025,Uttar Pradesh,Lucknow,226013,1,4
29-12-2025,Uttar Pradesh,Lucknow,226018,4,40
29-12-2025,Uttar Pradesh,Lucknow,226019,0,2
29-12-2025,Uttar Pradesh,Lucknow,226029,3,21
29-12-2025,Uttar Pradesh,Lucknow,226501,1,7
29-12-2025,Uttar Pradesh,Lucknow,227125,0,33
29-12-2025,Uttar Pradesh,Lucknow,227308,3,24
03-01-2026,Uttar Pradesh,Lucknow,226001,0,11
03-01-2026,Uttar Pradesh,Lucknow,226006,0,8
03-01-2026,Uttar Pradesh,Lucknow,226008,1,11
03-01-2026,Uttar Pradesh,Lucknow,226010,0,7
03-01-2026,Uttar Pradesh,Lucknow,226012,2,8
03-01-2026,Uttar Pradesh,Lucknow,226014,0,2
03-01-2026,Uttar Pradesh,Lucknow,226021,0,10
03-01-2026,Uttar Pradesh,Lucknow,226029,0,4
03-01-2026,Uttar Pradesh,Lucknow,226101,2,13
03-01-2026,Uttar Pradesh,Lucknow,226302,0,1
21-12-2025,Uttar Pradesh,Lucknow,226001,2,17
21-12-2025,Uttar Pradesh,Lucknow,226010,4,21
21-12-2025,Uttar Pradesh,Lucknow,226012,3,11
21-12-2025,Uttar Pradesh,Lucknow,226017,1,36
21-12-2025,Uttar Pradesh,Lucknow,226022,0,16
21-12-2025,Uttar Pradesh,Lucknow,226023,0,14
21-12-2025,Uttar Pradesh,Lucknow,226026,0,11
21-12-2025,Uttar Pradesh,Lucknow,226030,0,3
21-12-2025,Uttar Pradesh,Lucknow,226101,3,25
21-12-2025,Uttar Pradesh,Lucknow,226203,0,1
21-12-2025,Uttar Pradesh,Lucknow,227115,0,9
20-12-2025,Uttar Pradesh,Lucknow,226013,2,8
20-12-2025,Uttar Pradesh,Lucknow,226016,7,53
20-12-2025,Uttar Pradesh,Lucknow,226017,1,63
20-12-2025,Uttar Pradesh,Lucknow,226028,5,41
20-12-2025,Uttar Pradesh,Lucknow,226030,0,4
20-12-2025,Uttar Pradesh,Lucknow,226031,1,4
20-12-2025,Uttar Pradesh,Lucknow,227125,0,14
22-12-2025,Uttar Pradesh,Lucknow,226004,4,50
22-12-2025,Uttar Pradesh,Lucknow,226022,0,16
22-12-2025,Uttar Pradesh,Lucknow,226023,1,18
22-12-2025,Uttar Pradesh,Lucknow,226025,4,12
22-12-2025,Uttar Pradesh,Lucknow,226029,0,19
22-12-2025,Uttar Pradesh,Lucknow,227101,1,12
22-12-2025,Uttar Pradesh,Lucknow,227105,1,13
22-12-2025,Uttar Pradesh,Lucknow,227125,2,22
22-12-2025,Uttar Pradesh,Lucknow,227202,2,51
22-12-2025,Uttar Pradesh,Lucknow,227305,4,33
01-01-2026,Uttar Pradesh,Lucknow,226010,3,37
01-01-2026,Uttar Pradesh,Lucknow,226016,3,50
01-01-2026,Uttar Pradesh,Lucknow,226020,4,86
01-01-2026,Uttar Pradesh,Lucknow,226024,1,24
01-01-2026,Uttar Pradesh,Lucknow,226025,1,18
01-01-2026,Uttar Pradesh,Lucknow,226026,1,13
01-01-2026,Uttar Pradesh,Lucknow,226028,6,36
01-01-2026,Uttar Pradesh,Lucknow,226101,3,28
01-01-2026,Uttar Pradesh,Lucknow,226102,0,9
01-01-2026,Uttar Pradesh,Lucknow,226501,1,3
01-01-2026,Uttar Pradesh,Lucknow,227105,1,14
02-01-2026,Uttar Pradesh,Lucknow,226003,14,159
02-01-2026,Uttar Pradesh,Lucknow,226004,2,27
02-01-2026,Uttar Pradesh,Lucknow,226015,0,6
02-01-2026,Uttar Pradesh,Lucknow,226016,7,43
02-01-2026,Uttar Pradesh,Lucknow,226023,4,8
02-01-2026,Uttar Pradesh,Lucknow,226026,4,23
02-01-2026,Uttar Pradesh,Lucknow,226031,2,7
02-01-2026,Uttar Pradesh,Lucknow,226101,1,49
02-01-2026,Uttar Pradesh,Lucknow,226102,1,4
02-01-2026,Uttar Pradesh,Lucknow,226203,0,3
02-01-2026,Uttar Pradesh,Lucknow,226301,4,7
02-01-2026,Uttar Pradesh,Lucknow,227101,0,8
02-01-2026,Uttar Pradesh,Lucknow,227107,5,25
02-01-2026,Uttar Pradesh,Lucknow,227309,2,7
23-12-2025,Uttar Pradesh,Lucknow,226004,1,54
23-12-2025,Uttar Pradesh,Lucknow,226006,3,25
23-12-2025,Uttar Pradesh,Lucknow,226009,1,2
23-12-2025,Uttar Pradesh,Lucknow,226010,3,49
23-12-2025,Uttar Pradesh,Lucknow,226102,1,12
23-12-2025,Uttar Pradesh,Lucknow,226201,1,2
23-12-2025,Uttar Pradesh,Lucknow,226501,0,10
23-12-2025,Uttar Pradesh,Lucknow,227107,9,59
23-12-2025,Uttar Pradesh,Lucknow,227202,4,37
23-12-2025,Uttar Pradesh,Lucknow,227207,0,1
26-12-2025,Uttar Pradesh,Lucknow,226004,2,48
26-12-2025,Uttar Pradesh,Lucknow,226008,4,44
26-12-2025,Uttar Pradesh,Lucknow,226016,5,56
26-12-2025,Uttar Pradesh,Lucknow,226025,2,28
26-12-2025,Uttar Pradesh,Lucknow,227115,3,54
26-12-2025,Uttar Pradesh,Lucknow,227116,4,20
26-12-2025,Uttar Pradesh,Lucknow,227205,5,52
18-12-2025,Uttar Pradesh,Lucknow,226003,23,414
18-12-2025,Uttar Pradesh,Lucknow,226004,2,65
18-12-2025,Uttar Pradesh,Lucknow,226501,0,12
18-12-2025,Uttar Pradesh,Lucknow,227202,3,48
18-12-2025,Uttar Pradesh,Lucknow,227205,6,53
19-12-2025,Uttar Pradesh,Lucknow,226103,0,1
28-12-2025,Uttar Pradesh,Lucknow,226003,7,248
28-12-2025,Uttar Pradesh,Lucknow,226012,6,18
28-12-2025,Uttar Pradesh,Lucknow,226017,5,78
28-12-2025,Uttar Pradesh,Lucknow,226018,2,37
28-12-2025,Uttar Pradesh,Lucknow,226022,2,35
28-12-2025,Uttar Pradesh,Lucknow,226025,2,17
28-12-2025,Uttar Pradesh,Lucknow,226026,0,19
28-12-2025,Uttar Pradesh,Lucknow,226302,0,4
28-12-2025,Uttar Pradesh,Lucknow,227308,1,25
27-12-2025,Uttar Pradesh,Lucknow,226002,4,86
27-12-2025,Uttar Pradesh,Lucknow,226006,0,12
27-12-2025,Uttar Pradesh,Lucknow,226013,0,2
27-12-2025,Uttar Pradesh,Lucknow,226018,3,40
27-12-2025,Uttar Pradesh,Lucknow,226024,1,13
27-12-2025,Uttar Pradesh,Lucknow,226101,1,47
27-12-2025,Uttar Pradesh,Lucknow,226102,0,5
27-12-2025,Uttar Pradesh,Lucknow,227111,3,32
27-12-2025,Uttar Pradesh,Lucknow,227115,3,43
27-12-2025,Uttar Pradesh,Lucknow,227202,1,26
27-12-2025,Uttar Pradesh,Lucknow,227205,2,42
27-12-2025,Uttar Pradesh,Lucknow,227309,3,13
19-12-2025,Uttar Pradesh,Lucknow,226001,1,57
19-12-2025,Uttar Pradesh,Lucknow,226005,6,46
19-12-2025,Uttar Pradesh,Lucknow,226017,3,55
19-12-2025,Uttar Pradesh,Lucknow,226019,0,1
19-12-2025,Uttar Pradesh,Lucknow,226026,4,18
19-12-2025,Uttar Pradesh,Lucknow,226029,1,21
19-12-2025,Uttar Pradesh,Lucknow,226401,2,8
19-12-2025,Uttar Pradesh,Lucknow,227105,2,17
19-12-2025,Uttar Pradesh,Lucknow,227107,3,51
19-12-2025,Uttar Pradesh,Lucknow,227205,1,52
19-12-2025,Uttar Pradesh,Lucknow,227308,1,26
27-11-2025,Uttar Pradesh,Lucknow,226103,0,1
31-12-2025,Uttar Pradesh,Lucknow,226006,0,13
31-12-2025,Uttar Pradesh,Lucknow,226008,2,37
31-12-2025,Uttar Pradesh,Lucknow,226011,1,18
31-12-2025,Uttar Pradesh,Lucknow,226016,2,52
31-12-2025,Uttar Pradesh,Lucknow,226020,3,75
31-12-2025,Uttar Pradesh,Lucknow,226022,7,36
31-12-2025,Uttar Pradesh,Lucknow,226028,2,49
31-12-2025,Uttar Pradesh,Lucknow,226030,0,2
31-12-2025,Uttar Pradesh,Lucknow,226201,0,3
31-12-2025,Uttar Pradesh,Lucknow,226401,1,4
31-12-2025,Uttar Pradesh,Lucknow,227107,3,74
31-12-2025,Uttar Pradesh,Lucknow,227111,0,38
31-12-2025,Uttar Pradesh,Lucknow,227205,1,54
25-12-2025,Uttar Pradesh,Lucknow,226005,2,11
25-12-2025,Uttar Pradesh,Lucknow,226009,0,1
25-12-2025,Uttar Pradesh,Lucknow,226010,2,29
25-12-2025,Uttar Pradesh,Lucknow,226012,2,8
25-12-2025,Uttar Pradesh,Lucknow,226016,2,34
25-12-2025,Uttar Pradesh,Lucknow,226017,2,44
25-12-2025,Uttar Pradesh,Lucknow,226020,3,32
25-12-2025,Uttar Pradesh,Lucknow,226022,0,21
25-12-2025,Uttar Pradesh,Lucknow,226030,0,3
25-12-2025,Uttar Pradesh,Lucknow,226401,1,6
25-12-2025,Uttar Pradesh,Lucknow,226501,2,4
25-12-2025,Uttar Pradesh,Lucknow,227116,0,7
25-12-2025,Uttar Pradesh,Lucknow,227305,1,10
24-12-2025,Uttar Pradesh,Lucknow,226001,4,68
24-12-2025,Uttar Pradesh,Lucknow,226002,5,100
24-12-2025,Uttar Pradesh,Lucknow,226007,0,17
24-12-2025,Uttar Pradesh,Lucknow,226009,1,9
24-12-2025,Uttar Pradesh,Lucknow,226029,4,12
24-12-2025,Uttar Pradesh,Lucknow,226101,2,37
24-12-2025,Uttar Pradesh,Lucknow,226201,0,10
24-12-2025,Uttar Pradesh,Lucknow,227111,5,50
24-12-2025,Uttar Pradesh,Lucknow,227116,3,38
24-12-2025,Uttar Pradesh,Lucknow,227308,3,48
16-12-2025,Uttar Pradesh,Lucknow,226005,0,64
16-12-2025,Uttar Pradesh,Lucknow,226006,2,20
16-12-2025,Uttar Pradesh,Lucknow,226007,0,6
16-12-2025,Uttar Pradesh,Lucknow,226011,1,19
16-12-2025,Uttar Pradesh,Lucknow,226017,9,92
16-12-2025,Uttar Pradesh,Lucknow,226021,3,92
16-12-2025,Uttar Pradesh,Lucknow,226023,1,26
16-12-2025,Uttar Pradesh,Lucknow,226024,3,21
16-12-2025,Uttar Pradesh,Lucknow,226202,0,1
16-12-2025,Uttar Pradesh,Lucknow,227105,1,17
16-12-2025,Uttar Pradesh,Lucknow,227107,9,66
16-12-2025,Uttar Pradesh,Lucknow,227308,0,36
15-12-2025,Uttar Pradesh,Lucknow,226003,9,414
15-12-2025,Uttar Pradesh,Lucknow,226009,0,6
15-12-2025,Uttar Pradesh,Lucknow,226013,0,7
15-12-2025,Uttar Pradesh,Lucknow,226016,5,57
15-12-2025,Uttar Pradesh,Lucknow,226017,2,78
15-12-2025,Uttar Pradesh,Lucknow,226022,6,47
15-12-2025,Uttar Pradesh,Lucknow,226024,0,14
15-12-2025,Uttar Pradesh,Lucknow,226026,1,25
15-12-2025,Uttar Pradesh,Lucknow,226101,2,74
15-12-2025,Uttar Pradesh,Lucknow,226102,1,5
15-12-2025,Uttar Pradesh,Lucknow,226201,0,5
15-12-2025,Uttar Pradesh,Lucknow,226501,1,9
15-12-2025,Uttar Pradesh,Lucknow,227101,0,21
15-12-2025,Uttar Pradesh,Lucknow,227308,2,34
10-12-2025,Uttar Pradesh,Lucknow,226008,6,47
10-12-2025,Uttar Pradesh,Lucknow,226011,4,33
10-12-2025,Uttar Pradesh,Lucknow,226013,2,11
10-12-2025,Uttar Pradesh,Lucknow,226014,1,7
10-12-2025,Uttar Pradesh,Lucknow,226016,2,87
10-12-2025,Uttar Pradesh,Lucknow,226017,6,120
10-12-2025,Uttar Pradesh,Lucknow,226101,5,66
10-12-2025,Uttar Pradesh,Lucknow,226202,0,1
10-12-2025,Uttar Pradesh,Lucknow,227105,0,22
10-12-2025,Uttar Pradesh,Lucknow,227115,4,50
03-12-2025,Uttar Pradesh,Lucknow,226010,2,68
03-12-2025,Uttar Pradesh,Lucknow,226013,0,9
03-12-2025,Uttar Pradesh,Lucknow,226019,0,1
03-12-2025,Uttar Pradesh,Lucknow,226021,1,101
03-12-2025,Uttar Pradesh,Lucknow,226023,2,27
03-12-2025,Uttar Pradesh,Lucknow,226028,0,47
03-12-2025,Uttar Pradesh,Lucknow,226030,1,2
03-12-2025,Uttar Pradesh,Lucknow,226501,0,3
03-12-2025,Uttar Pradesh,Lucknow,227125,0,28
03-12-2025,Uttar Pradesh,Lucknow,227205,2,31
13-12-2025,Uttar Pradesh,Lucknow,226001,4,46
13-12-2025,Uttar Pradesh,Lucknow,226004,3,50
13-12-2025,Uttar Pradesh,Lucknow,226006,2,15
13-12-2025,Uttar Pradesh,Lucknow,226010,3,35
13-12-2025,Uttar Pradesh,Lucknow,226021,4,65
13-12-2025,Uttar Pradesh,Lucknow,226022,1,33
13-12-2025,Uttar Pradesh,Lucknow,226025,1,18
13-12-2025,Uttar Pradesh,Lucknow,226301,0,9
13-12-2025,Uttar Pradesh,Lucknow,226401,0,8
13-12-2025,Uttar Pradesh,Lucknow,227105,2,15
13-12-2025,Uttar Pradesh,Lucknow,227115,4,56
13-12-2025,Uttar Pradesh,Lucknow,227205,1,68
14-12-2025,Uttar Pradesh,Lucknow,226012,2,10
14-12-2025,Uttar Pradesh,Lucknow,226015,0,5
14-12-2025,Uttar Pradesh,Lucknow,226021,1,30
14-12-2025,Uttar Pradesh,Lucknow,226029,2,17
14-12-2025,Uttar Pradesh,Lucknow,226101,1,32
09-12-2025,Uttar Pradesh,Lucknow,226002,7,120
09-12-2025,Uttar Pradesh,Lucknow,226008,3,53
09-12-2025,Uttar Pradesh,Lucknow,226010,5,79
09-12-2025,Uttar Pradesh,Lucknow,226015,0,6
09-12-2025,Uttar Pradesh,Lucknow,226018,2,60
09-12-2025,Uttar Pradesh,Lucknow,226024,0,22
09-12-2025,Uttar Pradesh,Lucknow,227101,3,25
09-12-2025,Uttar Pradesh,Lucknow,227205,2,59
09-12-2025,Uttar Pradesh,Lucknow,227309,2,33
12-12-2025,Uttar Pradesh,Lucknow,226004,1,65
12-12-2025,Uttar Pradesh,Lucknow,226007,0,7
12-12-2025,Uttar Pradesh,Lucknow,226012,4,39
12-12-2025,Uttar Pradesh,Lucknow,226016,7,67
12-12-2025,Uttar Pradesh,Lucknow,226101,3,46
12-12-2025,Uttar Pradesh,Lucknow,226301,0,10
12-12-2025,Uttar Pradesh,Lucknow,226302,0,5
12-12-2025,Uttar Pradesh,Lucknow,227101,1,39
12-12-2025,Uttar Pradesh,Lucknow,227115,3,70
12-12-2025,Uttar Pradesh,Lucknow,227305,4,77
11-12-2025,Uttar Pradesh,Lucknow,226008,6,69
11-12-2025,Uttar Pradesh,Lucknow,226009,0,3
11-12-2025,Uttar Pradesh,Lucknow,226012,2,33
11-12-2025,Uttar Pradesh,Lucknow,226021,4,89
11-12-2025,Uttar Pradesh,Lucknow,226023,1,23
11-12-2025,Uttar Pradesh,Lucknow,226026,1,35
11-12-2025,Uttar Pradesh,Lucknow,226201,1,7
11-12-2025,Uttar Pradesh,Lucknow,226301,1,18
11-12-2025,Uttar Pradesh,Lucknow,226302,0,3
11-12-2025,Uttar Pradesh,Lucknow,227111,0,36
05-12-2025,Uttar Pradesh,Lucknow,226002,2,85
05-12-2025,Uttar Pradesh,Lucknow,226006,0,23
05-12-2025,Uttar Pradesh,Lucknow,226009,0,5
05-12-2025,Uttar Pradesh,Lucknow,226013,2,5
05-12-2025,Uttar Pradesh,Lucknow,226016,3,63
05-12-2025,Uttar Pradesh,Lucknow,226024,0,23
05-12-2025,Uttar Pradesh,Lucknow,226101,3,60
05-12-2025,Uttar Pradesh,Lucknow,226302,0,3
05-12-2025,Uttar Pradesh,Lucknow,227107,3,63
05-12-2025,Uttar Pradesh,Lucknow,227111,5,38
05-12-2025,Uttar Pradesh,Lucknow,227115,3,48
05-12-2025,Uttar Pradesh,Lucknow,227125,0,17
05-12-2025,Uttar Pradesh,Lucknow,227309,2,21
04-12-2025,Uttar Pradesh,Lucknow,226006,0,16
04-12-2025,Uttar Pradesh,Lucknow,226008,1,52
04-12-2025,Uttar Pradesh,Lucknow,226014,0,4
04-12-2025,Uttar Pradesh,Lucknow,226019,0,1
04-12-2025,Uttar Pradesh,Lucknow,226031,0,6
04-12-2025,Uttar Pradesh,Lucknow,226203,0,7
04-12-2025,Uttar Pradesh,Lucknow,226401,1,5
04-12-2025,Uttar Pradesh,Lucknow,226501,0,5
04-12-2025,Uttar Pradesh,Lucknow,227115,1,30
17-12-2025,Uttar Pradesh,Lucknow,226003,18,319
17-12-2025,Uttar Pradesh,Lucknow,226004,2,51
17-12-2025,Uttar Pradesh,Lucknow,226006,1,12
17-12-2025,Uttar Pradesh,Lucknow,226022,2,37
17-12-2025,Uttar Pradesh,Lucknow,226024,0,19
17-12-2025,Uttar Pradesh,Lucknow,226029,1,20
17-12-2025,Uttar Pradesh,Lucknow,226103,0,1
17-12-2025,Uttar Pradesh,Lucknow,226201,0,2
17-12-2025,Uttar Pradesh,Lucknow,226202,0,1
17-12-2025,Uttar Pradesh,Lucknow,227116,0,26
08-12-2025,Uttar Pradesh,Lucknow,226007,0,10
08-12-2025,Uttar Pradesh,Lucknow,226009,0,5
08-12-2025,Uttar Pradesh,Lucknow,226020,5,123
08-12-2025,Uttar Pradesh,Lucknow,226029,3,29
08-12-2025,Uttar Pradesh,Lucknow,226102,0,7
08-12-2025,Uttar Pradesh,Lucknow,226103,0,1
08-12-2025,Uttar Pradesh,Lucknow,226401,1,9
08-12-2025,Uttar Pradesh,Lucknow,227111,3,49
08-12-2025,Uttar Pradesh,Lucknow,227205,0,62
08-12-2025,Uttar Pradesh,Lucknow,227207,0,2
08-12-2025,Uttar Pradesh,Lucknow,227308,3,40
06-12-2025,Uttar Pradesh,Lucknow,226005,2,44
06-12-2025,Uttar Pradesh,Lucknow,226017,4,95
06-12-2025,Uttar Pradesh,Lucknow,226022,1,46
06-12-2025,Uttar Pradesh,Lucknow,226024,1,20
06-12-2025,Uttar Pradesh,Lucknow,226025,0,9
06-12-2025,Uttar Pradesh,Lucknow,226030,0,7
06-12-2025,Uttar Pradesh,Lucknow,226201,0,2
06-12-2025,Uttar Pradesh,Lucknow,226302,0,2
06-12-2025,Uttar Pradesh,Lucknow,227107,1,70
06-12-2025,Uttar Pradesh,Lucknow,227125,2,47
06-12-2025,Uttar Pradesh,Lucknow,227308,1,22
07-12-2025,Uttar Pradesh,Lucknow,226002,3,48
07-12-2025,Uttar Pradesh,Lucknow,226010,3,29
07-12-2025,Uttar Pradesh,Lucknow,226012,0,12
07-12-2025,Uttar Pradesh,Lucknow,226203,0,2
07-12-2025,Uttar Pradesh,Lucknow,226401,0,7
07-12-2025,Uttar Pradesh,Lucknow,227107,0,17
07-12-2025,Uttar Pradesh,Lucknow,227115,3,25
07-12-2025,Uttar Pradesh,Lucknow,227116,0,4
07-12-2025,Uttar Pradesh,Lucknow,227309,0,5
04-11-2025,Uttar Pradesh,Lucknow,226009,0,4
04-11-2025,Uttar Pradesh,Lucknow,226010,7,50
04-11-2025,Uttar Pradesh,Lucknow,226023,1,9
04-11-2025,Uttar Pradesh,Lucknow,226102,0,2
04-11-2025,Uttar Pradesh,Lucknow,226203,0,1
04-11-2025,Uttar Pradesh,Lucknow,226501,0,5
04-11-2025,Uttar Pradesh,Lucknow,227111,1,24
04-11-2025,Uttar Pradesh,Lucknow,227305,2,37
06-11-2025,Uttar Pradesh,Lucknow,226004,0,37
06-11-2025,Uttar Pradesh,Lucknow,226006,0,16
06-11-2025,Uttar Pradesh,Lucknow,226012,1,23
06-11-2025,Uttar Pradesh,Lucknow,226024,0,20
06-11-2025,Uttar Pradesh,Lucknow,226026,1,27
06-11-2025,Uttar Pradesh,Lucknow,226101,3,26
07-11-2025,Uttar Pradesh,Lucknow,226002,7,81
07-11-2025,Uttar Pradesh,Lucknow,226005,3,38
07-11-2025,Uttar Pradesh,Lucknow,226012,1,21
07-11-2025,Uttar Pradesh,Lucknow,226013,1,4
07-11-2025,Uttar Pradesh,Lucknow,226014,0,4
07-11-2025,Uttar Pradesh,Lucknow,226017,6,57
07-11-2025,Uttar Pradesh,Lucknow,226018,0,27
07-11-2025,Uttar Pradesh,Lucknow,226023,2,18
07-11-2025,Uttar Pradesh,Lucknow,226026,0,10
07-11-2025,Uttar Pradesh,Lucknow,226101,0,25
07-11-2025,Uttar Pradesh,Lucknow,226102,0,9
07-11-2025,Uttar Pradesh,Lucknow,226201,1,5
07-11-2025,Uttar Pradesh,Lucknow,226303,0,2
07-11-2025,Uttar Pradesh,Lucknow,226401,1,3
07-11-2025,Uttar Pradesh,Lucknow,226501,2,9
07-11-2025,Uttar Pradesh,Lucknow,227115,1,38
07-11-2025,Uttar Pradesh,Lucknow,227125,0,25
05-11-2025,Uttar Pradesh,Lucknow,226007,0,1
05-11-2025,Uttar Pradesh,Lucknow,226009,0,1
05-11-2025,Uttar Pradesh,Lucknow,226011,0,10
05-11-2025,Uttar Pradesh,Lucknow,226018,0,8
05-11-2025,Uttar Pradesh,Lucknow,226019,0,1
05-11-2025,Uttar Pradesh,Lucknow,226020,0,18
05-11-2025,Uttar Pradesh,Lucknow,226023,1,8
05-11-2025,Uttar Pradesh,Lucknow,226024,1,5
05-11-2025,Uttar Pradesh,Lucknow,226026,0,8
05-11-2025,Uttar Pradesh,Lucknow,226030,0,1
05-11-2025,Uttar Pradesh,Lucknow,226101,2,16
05-11-2025,Uttar Pradesh,Lucknow,226203,2,1
05-11-2025,Uttar Pradesh,Lucknow,227111,0,9
05-11-2025,Uttar Pradesh,Lucknow,227116,0,6
05-11-2025,Uttar Pradesh,Lucknow,227205,0,7
08-11-2025,Uttar Pradesh,Lucknow,226005,5,19
08-11-2025,Uttar Pradesh,Lucknow,226006,3,7
08-11-2025,Uttar Pradesh,Lucknow,226012,2,20
08-11-2025,Uttar Pradesh,Lucknow,226016,3,31
08-11-2025,Uttar Pradesh,Lucknow,226028,4,37
08-11-2025,Uttar Pradesh,Lucknow,226030,1,6
08-11-2025,Uttar Pradesh,Lucknow,226101,2,29
08-11-2025,Uttar Pradesh,Lucknow,226102,0,3
08-11-2025,Uttar Pradesh,Lucknow,227107,3,37
08-11-2025,Uttar Pradesh,Lucknow,227116,0,14
08-11-2025,Uttar Pradesh,Lucknow,227305,2,31
09-11-2025,Uttar Pradesh,Lucknow,226001,1,14
09-11-2025,Uttar Pradesh,Lucknow,226002,4,28
09-11-2025,Uttar Pradesh,Lucknow,226003,4,78
09-11-2025,Uttar Pradesh,Lucknow,226006,0,2
09-11-2025,Uttar Pradesh,Lucknow,226008,1,11
09-11-2025,Uttar Pradesh,Lucknow,226012,0,11
09-11-2025,Uttar Pradesh,Lucknow,226025,0,4
09-11-2025,Uttar Pradesh,Lucknow,226101,0,12
09-11-2025,Uttar Pradesh,Lucknow,226301,0,3
09-11-2025,Uttar Pradesh,Lucknow,226401,0,2
09-11-2025,Uttar Pradesh,Lucknow,227205,1,9
09-11-2025,Uttar Pradesh,Lucknow,227207,0,1
10-11-2025,Uttar Pradesh,Lucknow,226001,3,26
10-11-2025,Uttar Pradesh,Lucknow,226009,0,6
10-11-2025,Uttar Pradesh,Lucknow,226012,2,33
10-11-2025,Uttar Pradesh,Lucknow,226014,0,5
10-11-2025,Uttar Pradesh,Lucknow,226021,0,53
10-11-2025,Uttar Pradesh,Lucknow,226028,3,39
10-11-2025,Uttar Pradesh,Lucknow,226301,2,6
10-11-2025,Uttar Pradesh,Lucknow,227105,1,9
10-11-2025,Uttar Pradesh,Lucknow,227111,3,33
10-11-2025,Uttar Pradesh,Lucknow,227125,1,27
10-11-2025,Uttar Pradesh,Lucknow,227309,0,18
11-11-2025,Uttar Pradesh,Lucknow,226001,5,55
11-11-2025,Uttar Pradesh,Lucknow,226002,0,78
11-11-2025,Uttar Pradesh,Lucknow,226015,0,7
11-11-2025,Uttar Pradesh,Lucknow,226017,4,69
11-11-2025,Uttar Pradesh,Lucknow,226030,1,3
11-11-2025,Uttar Pradesh,Lucknow,226102,0,4
11-11-2025,Uttar Pradesh,Lucknow,226501,0,4
11-11-2025,Uttar Pradesh,Lucknow,227101,3,14
11-11-2025,Uttar Pradesh,Lucknow,227105,1,17
11-11-2025,Uttar Pradesh,Lucknow,227309,1,13
12-11-2025,Uttar Pradesh,Lucknow,226006,1,17
12-11-2025,Uttar Pradesh,Lucknow,226009,0,3
12-11-2025,Uttar Pradesh,Lucknow,226018,2,42
12-11-2025,Uttar Pradesh,Lucknow,226020,1,80
12-11-2025,Uttar Pradesh,Lucknow,226021,2,51
12-11-2025,Uttar Pradesh,Lucknow,226025,0,7
12-11-2025,Uttar Pradesh,Lucknow,226030,2,6
12-11-2025,Uttar Pradesh,Lucknow,226303,0,1
12-11-2025,Uttar Pradesh,Lucknow,227115,1,39
13-11-2025,Uttar Pradesh,Lucknow,226005,2,52
13-11-2025,Uttar Pradesh,Lucknow,226008,5,45
13-11-2025,Uttar Pradesh,Lucknow,226013,1,4
13-11-2025,Uttar Pradesh,Lucknow,226022,2,36
13-11-2025,Uttar Pradesh,Lucknow,226028,3,39
13-11-2025,Uttar Pradesh,Lucknow,226202,1,1
13-11-2025,Uttar Pradesh,Lucknow,226401,1,11
13-11-2025,Uttar Pradesh,Lucknow,227101,0,19
13-11-2025,Uttar Pradesh,Lucknow,227202,4,27
13-11-2025,Uttar Pradesh,Lucknow,227305,4,27
13-11-2025,Uttar Pradesh,Lucknow,227308,0,27
14-11-2025,Uttar Pradesh,Lucknow,226003,8,280
14-11-2025,Uttar Pradesh,Lucknow,226008,7,57
14-11-2025,Uttar Pradesh,Lucknow,226017,2,64
14-11-2025,Uttar Pradesh,Lucknow,226018,1,41
14-11-2025,Uttar Pradesh,Lucknow,226023,1,13
14-11-2025,Uttar Pradesh,Lucknow,226401,0,9
14-11-2025,Uttar Pradesh,Lucknow,227125,0,25
15-11-2025,Uttar Pradesh,Lucknow,226001,3,54
15-11-2025,Uttar Pradesh,Lucknow,226002,5,101
15-11-2025,Uttar Pradesh,Lucknow,226019,0,1
15-11-2025,Uttar Pradesh,Lucknow,226021,2,55
15-11-2025,Uttar Pradesh,Lucknow,227107,2,67
16-11-2025,Uttar Pradesh,Lucknow,226001,0,20
16-11-2025,Uttar Pradesh,Lucknow,226010,1,16
16-11-2025,Uttar Pradesh,Lucknow,226019,0,1
16-11-2025,Uttar Pradesh,Lucknow,226201,0,1
16-11-2025,Uttar Pradesh,Lucknow,226203,0,1
16-11-2025,Uttar Pradesh,Lucknow,227105,1,5
16-11-2025,Uttar Pradesh,Lucknow,227115,0,20
16-11-2025,Uttar Pradesh,Lucknow,227116,0,5
16-11-2025,Uttar Pradesh,Lucknow,227202,0,8
16-11-2025,Uttar Pradesh,Lucknow,227305,0,4
17-11-2025,Uttar Pradesh,Lucknow,226011,1,15
17-11-2025,Uttar Pradesh,Lucknow,226016,0,51
17-11-2025,Uttar Pradesh,Lucknow,226018,8,48
17-11-2025,Uttar Pradesh,Lucknow,226019,0,1
17-11-2025,Uttar Pradesh,Lucknow,226025,1,23
17-11-2025,Uttar Pradesh,Lucknow,226028,2,48
17-11-2025,Uttar Pradesh,Lucknow,227107,2,60
17-11-2025,Uttar Pradesh,Lucknow,227207,0,1
17-11-2025,Uttar Pradesh,Lucknow,227305,2,55
18-11-2025,Uttar Pradesh,Lucknow,226002,0,73
18-11-2025,Uttar Pradesh,Lucknow,226007,0,9
18-11-2025,Uttar Pradesh,Lucknow,226008,2,20
18-11-2025,Uttar Pradesh,Lucknow,226010,3,56
18-11-2025,Uttar Pradesh,Lucknow,226013,0,4
18-11-2025,Uttar Pradesh,Lucknow,226015,0,3
18-11-2025,Uttar Pradesh,Lucknow,227205,1,25
19-11-2025,Uttar Pradesh,Lucknow,226001,3,75
19-11-2025,Uttar Pradesh,Lucknow,226009,0,3
19-11-2025,Uttar Pradesh,Lucknow,226015,1,8
19-11-2025,Uttar Pradesh,Lucknow,226201,0,9
19-11-2025,Uttar Pradesh,Lucknow,227125,0,21
19-11-2025,Uttar Pradesh,Lucknow,227305,1,50
19-11-2025,Uttar Pradesh,Lucknow,227308,1,16
19-11-2025,Uttar Pradesh,Lucknow,227309,0,16
31-10-2025,Uttar Pradesh,Lucknow,226003,5,108
31-10-2025,Uttar Pradesh,Lucknow,226013,0,2
31-10-2025,Uttar Pradesh,Lucknow,226014,0,4
31-10-2025,Uttar Pradesh,Lucknow,226018,1,25
31-10-2025,Uttar Pradesh,Lucknow,226021,3,49
31-10-2025,Uttar Pradesh,Lucknow,226023,2,18
31-10-2025,Uttar Pradesh,Lucknow,226029,1,7
31-10-2025,Uttar Pradesh,Lucknow,227115,1,45
31-10-2025,Uttar Pradesh,Lucknow,227305,0,55
20-11-2025,Uttar Pradesh,Lucknow,226001,1,59
20-11-2025,Uttar Pradesh,Lucknow,226003,8,332
20-11-2025,Uttar Pradesh,Lucknow,226010,3,34
20-11-2025,Uttar Pradesh,Lucknow,226011,3,21
20-11-2025,Uttar Pradesh,Lucknow,226012,1,26
20-11-2025,Uttar Pradesh,Lucknow,226015,0,8
20-11-2025,Uttar Pradesh,Lucknow,226017,4,80
20-11-2025,Uttar Pradesh,Lucknow,226020,5,132
20-11-2025,Uttar Pradesh,Lucknow,226030,0,3
20-11-2025,Uttar Pradesh,Lucknow,226202,1,0
20-11-2025,Uttar Pradesh,Lucknow,226302,0,2
20-11-2025,Uttar Pradesh,Lucknow,226401,0,7
20-11-2025,Uttar Pradesh,Lucknow,227115,1,42
20-11-2025,Uttar Pradesh,Lucknow,227205,1,37
20-11-2025,Uttar Pradesh,Lucknow,227308,0,35
02-11-2025,Uttar Pradesh,Lucknow,226009,0,1
02-11-2025,Uttar Pradesh,Lucknow,226010,4,22
02-11-2025,Uttar Pradesh,Lucknow,226011,2,6
02-11-2025,Uttar Pradesh,Lucknow,226022,3,12
02-11-2025,Uttar Pradesh,Lucknow,226030,2,2
02-11-2025,Uttar Pradesh,Lucknow,226201,0,1
02-11-2025,Uttar Pradesh,Lucknow,226203,0,3
02-11-2025,Uttar Pradesh,Lucknow,226401,0,4
01-11-2025,Uttar Pradesh,Lucknow,226015,0,2
01-11-2025,Uttar Pradesh,Lucknow,226018,3,14
01-11-2025,Uttar Pradesh,Lucknow,226021,2,43
01-11-2025,Uttar Pradesh,Lucknow,226024,2,14
01-11-2025,Uttar Pradesh,Lucknow,227308,1,18
21-11-2025,Uttar Pradesh,Lucknow,226006,0,18
21-11-2025,Uttar Pradesh,Lucknow,226008,3,32
21-11-2025,Uttar Pradesh,Lucknow,226015,1,2
21-11-2025,Uttar Pradesh,Lucknow,226016,5,49
21-11-2025,Uttar Pradesh,Lucknow,226020,2,73
21-11-2025,Uttar Pradesh,Lucknow,226029,1,21
21-11-2025,Uttar Pradesh,Lucknow,226203,0,1
21-11-2025,Uttar Pradesh,Lucknow,227101,1,17
21-11-2025,Uttar Pradesh,Lucknow,227111,2,35
21-11-2025,Uttar Pradesh,Lucknow,227115,0,36
21-11-2025,Uttar Pradesh,Lucknow,227309,0,21
03-11-2025,Uttar Pradesh,Lucknow,226001,5,36
03-11-2025,Uttar Pradesh,Lucknow,226003,7,175
03-11-2025,Uttar Pradesh,Lucknow,226007,2,8
03-11-2025,Uttar Pradesh,Lucknow,226023,0,16
03-11-2025,Uttar Pradesh,Lucknow,226026,1,16
03-11-2025,Uttar Pradesh,Lucknow,226101,3,25
03-11-2025,Uttar Pradesh,Lucknow,226201,0,1
03-11-2025,Uttar Pradesh,Lucknow,226301,0,11
03-11-2025,Uttar Pradesh,Lucknow,226401,1,3
03-11-2025,Uttar Pradesh,Lucknow,227107,6,51
03-11-2025,Uttar Pradesh,Lucknow,227207,1,0
03-11-2025,Uttar Pradesh,Lucknow,227308,2,19
24-11-2025,Uttar Pradesh,Lucknow,226003,7,281
24-11-2025,Uttar Pradesh,Lucknow,226004,3,58
24-11-2025,Uttar Pradesh,Lucknow,226011,0,20
24-11-2025,Uttar Pradesh,Lucknow,226012,0,19
24-11-2025,Uttar Pradesh,Lucknow,226018,2,63
24-11-2025,Uttar Pradesh,Lucknow,226102,0,7
24-11-2025,Uttar Pradesh,Lucknow,226301,0,18
25-11-2025,Uttar Pradesh,Lucknow,226006,0,11
25-11-2025,Uttar Pradesh,Lucknow,226007,0,6
25-11-2025,Uttar Pradesh,Lucknow,226008,2,37
25-11-2025,Uttar Pradesh,Lucknow,226017,6,90
25-11-2025,Uttar Pradesh,Lucknow,226024,3,24
25-11-2025,Uttar Pradesh,Lucknow,226030,0,7
25-11-2025,Uttar Pradesh,Lucknow,226101,2,49
25-11-2025,Uttar Pradesh,Lucknow,226301,1,6
25-11-2025,Uttar Pradesh,Lucknow,226501,0,8
25-11-2025,Uttar Pradesh,Lucknow,227308,1,29
30-10-2025,Uttar Pradesh,Lucknow,226008,1,26
30-10-2025,Uttar Pradesh,Lucknow,226015,0,2
30-10-2025,Uttar Pradesh,Lucknow,226018,2,19
30-10-2025,Uttar Pradesh,Lucknow,226022,2,17
30-10-2025,Uttar Pradesh,Lucknow,226023,1,15
30-10-2025,Uttar Pradesh,Lucknow,227101,0,12
29-10-2025,Uttar Pradesh,Lucknow,226009,0,5
29-10-2025,Uttar Pradesh,Lucknow,226010,7,45
29-10-2025,Uttar Pradesh,Lucknow,226014,1,4
29-10-2025,Uttar Pradesh,Lucknow,226016,1,49
29-10-2025,Uttar Pradesh,Lucknow,226018,4,19
29-10-2025,Uttar Pradesh,Lucknow,226021,1,44
29-10-2025,Uttar Pradesh,Lucknow,226026,0,21
29-10-2025,Uttar Pradesh,Lucknow,226030,1,3
29-10-2025,Uttar Pradesh,Lucknow,226302,0,3
29-10-2025,Uttar Pradesh,Lucknow,227107,3,46
29-10-2025,Uttar Pradesh,Lucknow,227111,2,44
29-10-2025,Uttar Pradesh,Lucknow,227125,1,40
22-11-2025,Uttar Pradesh,Lucknow,226007,0,15
22-11-2025,Uttar Pradesh,Lucknow,226008,1,27
22-11-2025,Uttar Pradesh,Lucknow,226021,2,45
22-11-2025,Uttar Pradesh,Lucknow,226024,1,13
22-11-2025,Uttar Pradesh,Lucknow,226025,0,5
22-11-2025,Uttar Pradesh,Lucknow,226030,1,2
22-11-2025,Uttar Pradesh,Lucknow,227101,1,17
23-11-2025,Uttar Pradesh,Lucknow,226005,0,9
23-11-2025,Uttar Pradesh,Lucknow,226006,0,2
23-11-2025,Uttar Pradesh,Lucknow,226009,0,1
23-11-2025,Uttar Pradesh,Lucknow,226014,0,5
23-11-2025,Uttar Pradesh,Lucknow,226015,0,3
23-11-2025,Uttar Pradesh,Lucknow,226022,1,18
23-11-2025,Uttar Pradesh,Lucknow,226023,0,4
23-11-2025,Uttar Pradesh,Lucknow,227111,0,15
23-11-2025,Uttar Pradesh,Lucknow,227116,0,11
23-11-2025,Uttar Pradesh,Lucknow,227202,1,6
23-11-2025,Uttar Pradesh,Lucknow,227205,0,6
23-11-2025,Uttar Pradesh,Lucknow,227305,0,13
26-11-2025,Uttar Pradesh,Lucknow,226004,1,49
26-11-2025,Uttar Pradesh,Lucknow,226005,4,25
26-11-2025,Uttar Pradesh,Lucknow,226006,0,14
26-11-2025,Uttar Pradesh,Lucknow,226013,0,4
26-11-2025,Uttar Pradesh,Lucknow,226014,0,5
26-11-2025,Uttar Pradesh,Lucknow,226016,1,57
26-11-2025,Uttar Pradesh,Lucknow,226021,3,51
26-11-2025,Uttar Pradesh,Lucknow,226022,1,53
26-11-2025,Uttar Pradesh,Lucknow,226024,0,16
26-11-2025,Uttar Pradesh,Lucknow,226030,3,1
26-11-2025,Uttar Pradesh,Lucknow,226201,0,6
26-11-2025,Uttar Pradesh,Lucknow,227111,1,30
26-11-2025,Uttar Pradesh,Lucknow,227116,1,21
26-11-2025,Uttar Pradesh,Lucknow,227205,2,47
02-12-2025,Uttar Pradesh,Lucknow,226004,3,72
02-12-2025,Uttar Pradesh,Lucknow,226010,4,72
02-12-2025,Uttar Pradesh,Lucknow,226013,1,9
02-12-2025,Uttar Pradesh,Lucknow,226019,0,5
02-12-2025,Uttar Pradesh,Lucknow,226023,0,27
02-12-2025,Uttar Pradesh,Lucknow,226028,4,63
02-12-2025,Uttar Pradesh,Lucknow,226029,0,20
02-12-2025,Uttar Pradesh,Lucknow,226101,1,76
02-12-2025,Uttar Pradesh,Lucknow,226201,0,3
02-12-2025,Uttar Pradesh,Lucknow,226203,0,3
02-12-2025,Uttar Pradesh,Lucknow,226401,0,5
02-12-2025,Uttar Pradesh,Lucknow,227105,0,15
02-12-2025,Uttar Pradesh,Lucknow,227111,3,29
02-12-2025,Uttar Pradesh,Lucknow,227116,1,14
01-12-2025,Uttar Pradesh,Lucknow,226004,1,74
01-12-2025,Uttar Pradesh,Lucknow,226005,1,48
01-12-2025,Uttar Pradesh,Lucknow,226009,1,10
01-12-2025,Uttar Pradesh,Lucknow,226011,1,24
01-12-2025,Uttar Pradesh,Lucknow,226013,0,1
01-12-2025,Uttar Pradesh,Lucknow,226022,4,62
01-12-2025,Uttar Pradesh,Lucknow,226029,2,17
01-12-2025,Uttar Pradesh,Lucknow,227107,1,92
01-12-2025,Uttar Pradesh,Lucknow,227115,1,37
01-12-2025,Uttar Pradesh,Lucknow,227308,1,26
27-11-2025,Uttar Pradesh,Lucknow,226005,2,32
27-11-2025,Uttar Pradesh,Lucknow,226008,0,43
27-11-2025,Uttar Pradesh,Lucknow,226009,0,11
27-11-2025,Uttar Pradesh,Lucknow,226015,0,5
27-11-2025,Uttar Pradesh,Lucknow,226017,6,85
27-11-2025,Uttar Pradesh,Lucknow,226024,1,21
27-11-2025,Uttar Pradesh,Lucknow,226026,3,29
27-11-2025,Uttar Pradesh,Lucknow,226029,2,28
27-11-2025,Uttar Pradesh,Lucknow,226031,0,5
27-11-2025,Uttar Pradesh,Lucknow,226101,6,55
27-11-2025,Uttar Pradesh,Lucknow,226201,0,5
27-11-2025,Uttar Pradesh,Lucknow,226401,1,8
27-11-2025,Uttar Pradesh,Lucknow,227105,1,15
27-11-2025,Uttar Pradesh,Lucknow,227111,3,52
27-11-2025,Uttar Pradesh,Lucknow,227115,4,54
27-11-2025,Uttar Pradesh,Lucknow,227205,3,52
28-11-2025,Uttar Pradesh,Lucknow,226003,15,459
28-11-2025,Uttar Pradesh,Lucknow,226004,2,67
28-11-2025,Uttar Pradesh,Lucknow,226009,0,3
28-11-2025,Uttar Pradesh,Lucknow,226014,1,3
28-11-2025,Uttar Pradesh,Lucknow,226023,1,23
28-11-2025,Uttar Pradesh,Lucknow,226031,2,3
28-11-2025,Uttar Pradesh,Lucknow,226203,0,2
28-11-2025,Uttar Pradesh,Lucknow,226301,0,9
28-11-2025,Uttar Pradesh,Lucknow,226302,0,3
28-11-2025,Uttar Pradesh,Lucknow,226401,2,12
28-11-2025,Uttar Pradesh,Lucknow,227105,0,33
28-11-2025,Uttar Pradesh,Lucknow,227111,0,43
29-11-2025,Uttar Pradesh,Lucknow,226012,1,36
29-11-2025,Uttar Pradesh,Lucknow,226015,0,6
29-11-2025,Uttar Pradesh,Lucknow,226022,3,40
29-11-2025,Uttar Pradesh,Lucknow,226026,2,18
29-11-2025,Uttar Pradesh,Lucknow,226031,1,7
29-11-2025,Uttar Pradesh,Lucknow,226101,1,56
29-11-2025,Uttar Pradesh,Lucknow,226301,1,3
29-11-2025,Uttar Pradesh,Lucknow,227105,0,15
29-11-2025,Uttar Pradesh,Lucknow,227115,1,42
29-11-2025,Uttar Pradesh,Lucknow,227125,2,28
29-11-2025,Uttar Pradesh,Lucknow,227205,1,72
29-11-2025,Uttar Pradesh,Lucknow,227308,1,25
30-11-2025,Uttar Pradesh,Lucknow,226003,4,160
30-11-2025,Uttar Pradesh,Lucknow,226014,0,2
30-11-2025,Uttar Pradesh,Lucknow,226023,1,5
30-11-2025,Uttar Pradesh,Lucknow,226029,0,13
30-11-2025,Uttar Pradesh,Lucknow,226101,0,23
30-11-2025,Uttar Pradesh,Lucknow,226203,1,2
30-11-2025,Uttar Pradesh,Lucknow,227101,0,8
30-11-2025,Uttar Pradesh,Lucknow,227111,1,15
30-11-2025,Uttar Pradesh,Lucknow,227125,2,16
30-11-2025,Uttar Pradesh,Lucknow,227205,0,6
30-11-2025,Uttar Pradesh,Lucknow,227305,1,8
30-11-2025,Uttar Pradesh,Lucknow,227309,0,8
